0 0.6208791203125 1 0.6241758234375 0.9735772359375 0.6307692312500001 0.955284553125 0.65054945 0.9532520328125 0.65604395625 0.9369918703125 0.6571428578125 0.8922764234375 0.6417582421875 0.8556910562500001 0.6373626375 0.8333333328125001 0.6571428578125 0.8089430890625 0.6571428578125 0.6686991875 0.6549450546875 0.664634146875 0.6428571421875 0.6747967484374999 0.6296703296875 0.705284553125 0.6241758234375 0.697154471875 0.6241758234375 0.6829268296875 0.63186813125 0.6483739843749999 0.6296703296875 0.6341463421875 0.65604395625 0.6077235765625 0.659340659375 0.569105690625 0.6571428578125 0.560975609375 0.56813186875 0.5548780484375 0.5637362640625 0.5630081296875 0.552747253125 0.652439025 0.552747253125 0.7195121953125 0.56813186875 0.7886178859374999 0.5824175828125 0.827235771875 0.5791208796875 0.8699186984375 0.58131868125 0.9186991875 0.578021978125 0.9207317078124999 0.5758241765625 0.914634146875 0.5736263734375 0.922764228125 0.5648351640625 0.9186991875 0.5637362640625 0.92682926875 0.55604395625 0.9247967484374999 0.55604395625 0.94308943125 0.5615384609375 0.9491869921875 0.546153846875 0.9613821140625 0.55604395625 0.9613821140625 0.559340659375 0.9674796750000001 0.5538461531250001 0.9756097562500001 0.5483516484375001 0.9695121953125 0.5450549453125 0.99186991875 0.546153846875 1 0.5516483515624999 1 0.55604395625 0.9898373984375001 0.5604395609374999 0.9939024390625001 0.559340659375 1 0.5791208796875 1 0.5802197796875 0.99186991875 0.5923076921875 0.9796747968749999 0.5956043953125 1 0.6019230765625 1 0.6208791203125 1
0 0.6340659343749999 0.3963414640625 0.6043956046875001 0.39430894375 0.6010989015625 0.4126016265625 0.5923076921875 0.4166666671875 0.5835164828125 0.4329268296875 0.5714285718750001 0.4939024390625 0.6252747249999999 0.5 0.6296703296875 0.5 0.6373626375 0.495934959375 0.6373626375 0.4735772359375 0.6307692312500001 0.44918699218749997 0.6428571421875 0.44105691093750005 0.64395604375 0.4329268296875 0.6340659343749999 0.3963414640625
0 0.3230769234375 0.2357723578125 0.30659340625 0.2642276421875 0.2989010984375 0.3211382109375 0.3 0.3760162609375 0.321978021875 0.37804878125 0.3230769234375 0.38008130156250003 0.3648351640625 0.3760162609375 0.3824175828125 0.33943089375 0.390109890625 0.3089430890625 0.391208790625 0.28861788593750004 0.3670329671875 0.24390243906250003 0.3230769234375 0.2357723578125
0 0.46373626406249996 0.0386178859375 0.459340659375 0.032520325 0.446153846875 0.034552845312500004 0.42417582343750004 0.0670731703125 0.4208791203125 0.148373984375 0.42197802187500005 0.3292682921875 0.427747253125 0.3292682921875 0.47142857187500004 0.32723577187499997 0.4758241765625 0.319105690625 0.4758241765625 0.1585365859375 0.46813186875 0.1361788625 0.46263736250000004 0.09756097500000001 0.46373626406249996 0.0386178859375
0 0.49450549375 0.34349593437500003 0.4978021984375 0.37804878125 0.5175824171875 0.382113821875 0.5230769234375 0.382113821875 0.5417582421875 0.367886178125 0.540659340625 0.2845528453125 0.5340659343749999 0.28658536562500003 0.5296703296875 0.30081300781250003 0.5120879125 0.31504065 0.49450549375 0.34349593437500003
0 0.5450549453125 0.11585365781250001 0.5483516484375001 0.1300813015625 0.5769230765625 0.1788617890625 0.5934065937499999 0.172764228125 0.60549450625 0.18292682968750001 0.6296703296875 0.18292682968750001 0.6351648359375 0.18292682968750001 0.64395604375 0.1788617890625 0.65604395625 0.1544715453125 0.6549450546875 0.11788617812499999 0.6043956046875001 0.0873983734375 0.5758241765625 0.0630081296875 0.559340659375 0.06504065 0.546153846875 0.085365853125 0.5450549453125 0.11585365781250001
0 0.5802197796875 0.197154471875 0.591208790625 0.20325203281249998 0.5978021984375 0.21951219531250002 0.608791209375 0.22357723593749998 0.6120879125 0.22357723593749998 0.6164835171874999 0.22154471562500003 0.61868131875 0.2113821140625 0.6197802203125 0.1869918703125 0.6164835171874999 0.1788617890625 0.574725275 0.172764228125 0.5802197796875 0.197154471875
0 0.1879120875 0.30691056875 0.1824175828125 0.30081300781250003 0.1857142859375 0.2723577234375 0.17912087968749998 0.2601626015625 0.17912087968749998 0.25 0.1736263734375 0.24593495937499998 0.17472527499999999 0.23983739843750002 0.1670329671875 0.237804878125 0.1373626375 0.27439024375 0.1241758234375 0.31504065 0.1109890109375 0.3414634140625 0.10329670312499999 0.3739837390625 0.11428571406250002 0.37804878125 0.11978022031249999 0.37804878125 0.20219780156249997 0.37804878125 0.20659340624999997 0.3739837390625 0.208791209375 0.3577235765625 0.2076923078125 0.31504065 0.20219780156249997 0.30691056875 0.1879120875 0.30691056875
0 0.7582417578125 0.5487804875 0.7615384609375 0.5630081296875 0.7593406593750001 0.5731707312500001 0.765934065625 0.5813008125 0.7758241765625 0.5813008125 0.7791208796875 0.5508130078125 0.7791208796875 0.40243902499999995 0.7593406593750001 0.40650406562499997 0.747252746875 0.398373984375 0.7428571421875 0.5182926828125 0.7582417578125 0.5487804875
0 0.9065934062500001 0.5101626015625 0.847252746875 0.5406504062499999 0.840659340625 0.5792682921875 0.840659340625 0.597560975 0.8439560437500001 0.6036585359375 0.852747253125 0.6036585359375 0.8923076921875 0.585365853125 0.9010989015625 0.5731707312500001 0.9175824171875 0.5711382109375001 0.9175824171875 0.560975609375 0.9076923078125001 0.5304878046875 0.9065934062500001 0.5101626015625
0 0.7164835171874999 0.7764227640625 0.7142857140625 0.7804878046875 0.7175824171875 0.8008130078125 0.7175824171875 0.8536585359375 0.7516483515625 0.8516260156250001 0.752747253125 0.8536585359375 0.7604395609375 0.847560975 0.7626373625 0.8333333328125001 0.774725275 0.810975609375 0.774725275 0.7804878046875 0.73076923125 0.7723577234375 0.7164835171874999 0.7764227640625