0 0.774140753125 0.610344828125 0.7700491 0.62241379375 0.7700491 0.6706896546875 0.758592471875 0.712068965625 0.7594108015625001 0.739655171875 0.762684125 0.7551724140625 0.7872340421875 0.784482759375 0.8076923078125 0.786206896875 0.81833060625 0.7672413796875001 0.8216039281249999 0.734482759375 0.8216039281249999 0.6896551718749999 0.8240589203124999 0.663793103125 0.8273322421874999 0.6551724140624999 0.8265139109374999 0.6034482765625 0.8224222578125 0.5965517234375 0.817512275 0.6 0.7937806875 0.586206896875 0.7872340421875 0.5706896546875 0.7864157125 0.5689655171875 0.7831423890625 0.57241379375 0.7831423890625 0.5827586203124999 0.774140753125 0.57586206875 0.774140753125 0.610344828125
0 0.8715220953125 0.72758620625 0.8747954171875 0.7517241375 0.87315875625 0.77586206875 0.8764320781249999 0.7948275859375 0.8944353515625 0.82241379375 0.897708675 0.8431034484375 0.9083469718750001 0.8448275859375001 0.9124386250000001 0.8517241375 0.9140752859375001 0.8689655171874999 0.9181669390625 0.87758620625 0.9230769234375 0.9051724140624999 0.9345335515625001 0.9034482765625 0.9574468078124999 0.934482759375 0.9819967265624999 0.934482759375 0.9860883796875 0.92241379375 0.9934533546875001 0.9258620687500001 0.99918166875 0.9172413796875001 0.9909983640625001 0.8948275859375 0.9877250406250001 0.862068965625 0.9713584281250001 0.8431034484375 0.9599017999999999 0.8172413796875 0.948445171875 0.760344828125 0.92062193125 0.715517240625 0.9034369890624999 0.6793103453125 0.9001636656249999 0.67241379375 0.89689034375 0.6810344828125 0.87315875625 0.687931034375 0.8739770874999999 0.72413793125 0.8715220953125 0.72758620625
0 0.8281505734374999 0.6603448281250001 0.8346972171875 0.6689655171875 0.837152209375 0.684482759375 0.8306055640625001 0.7327586203124999 0.8273322421874999 0.736206896875 0.8273322421874999 0.7465517234375 0.8224222578125 0.7534482765625 0.8248772499999999 0.760344828125 0.8216039281249999 0.7706896546875 0.8232405890625 0.77758620625 0.8297872343750001 0.7827586203125 0.8535188218749999 0.7810344828125 0.860883796875 0.7413793109375 0.869067103125 0.7293103453125 0.8707037640624999 0.7172413796875 0.8715220953125 0.6793103453125 0.8666121109375 0.5931034484375 0.861702128125 0.5844827593749999 0.8469721765625 0.57586206875 0.8428805234375 0.57586206875 0.8281505734374999 0.57758620625 0.82569558125 0.5827586203124999 0.8281505734374999 0.6051724140625 0.8281505734374999 0.6603448281250001
0 0.8535188218749999 0.97241379375 0.8584288046875 0.960344828125 0.8600654671875001 0.9206896546875001 0.8657937812500001 0.887931034375 0.8518821609374999 0.8689655171874999 0.8473813421875 0.8689655171874999 0.8338788875 0.8689655171874999 0.8297872343750001 0.8758620687500001 0.8297872343750001 0.9689655171875 0.8535188218749999 0.97241379375
0 0.7201309328125001 0.9672413796875 0.7299509 0.960344828125 0.7324058921875001 0.934482759375 0.73076923125 0.9206896546875001 0.702945990625 0.9172413796875001 0.6977632296875 0.9172413796875001 0.6734860890625 0.92241379375 0.6718494265625 0.9310344828125 0.6841243859375 0.9672413796875 0.7201309328125001 0.9672413796875
0 0.5409165296875 0.9017241374999999 0.5597381343750001 0.9189655171875 0.5744680843750001 0.915517240625 0.59574468125 0.9017241374999999 0.5949263499999999 0.8931034484374999 0.5891980359375 0.8827586203125 0.5883797046875 0.85 0.5810147296875 0.8172413796875 0.56301145625 0.8327586203124999 0.5458265140624999 0.810344828125 0.5417348609375 0.810344828125 0.5335515546875 0.82241379375 0.536006546875 0.8379310343749999 0.5343698859375 0.87758620625 0.5409165296875 0.9017241374999999
0 0.631751228125 0.57241379375 0.653846153125 0.57586206875 0.65793780625 0.5689655171875 0.6685761046875001 0.5706896546875 0.670212765625 0.5586206890625001 0.66693944375 0.47413793125000003 0.6497545015624999 0.45 0.627659575 0.43275862031249995 0.622749590625 0.43275862031249995 0.6186579375 0.44827586249999996 0.6178396078125 0.4706896546875 0.6186579375 0.5482758624999999 0.631751228125 0.57241379375
0 0.6374795421874999 0.43793103437500003 0.65793780625 0.465517240625 0.6653027828125 0.4672413796875 0.6963993453125 0.5 0.7004909984375 0.4982758625 0.7045826515625 0.5086206890625 0.7168576109375 0.513793103125 0.7201309328125001 0.52241379375 0.7430441906249999 0.534482759375 0.7471358421875001 0.5310344828125 0.7446808515625001 0.4413793109375 0.7299509 0.4068965515625 0.7242225859375 0.4017241375 0.6653027828125 0.3948275859375 0.6644844515624999 0.3948275859375 0.622749590625 0.3965517234375 0.6202945984375 0.41206896562499995 0.6260229125000001 0.43448275937499997 0.6374795421874999 0.43793103437500003
0 0.733224221875 0.637931034375 0.725859246875 0.639655171875 0.726677578125 0.634482759375 0.7209492640625 0.634482759375 0.7201309328125001 0.65 0.73813420625 0.65 0.7438625203125 0.6448275859375 0.7446808515625001 0.5431034484375 0.7324058921875001 0.534482759375 0.7291325703125 0.534482759375 0.7209492640625 0.5431034484375 0.7209492640625 0.6172413796875 0.7299509 0.6206896546875 0.733224221875 0.637931034375
0 0.7831423890625 0.5586206890625001 0.789689034375 0.5206896546875 0.789689034375 0.487931034375 0.7806873984375 0.47241379375000003 0.7700491 0.46896551718749996 0.765957446875 0.46896551718749996 0.7487725046875 0.48275862031249994 0.7487725046875 0.5327586203125 0.7512274953125 0.539655171875 0.7831423890625 0.5586206890625001
0 0.653846153125 0.3206896546875 0.65057283125 0.3206896546875 0.6522094921875 0.32758620625 0.642389525 0.32931034531250003 0.6399345328125 0.3465517234375 0.6325695578125 0.3465517234375 0.6284779046875 0.3310344828125 0.622749590625 0.32413793125 0.6202945984375 0.33275862031250003 0.61947626875 0.3913793109375 0.6252045828125 0.3965517234375 0.6522094921875 0.3965517234375 0.6603927984375 0.3913793109375 0.6890343703124999 0.3965517234375 0.6931260234375001 0.387931034375 0.694762684375 0.3965517234375 0.710310965625 0.3948275859375 0.7062193125 0.3206896546875 0.7004909984375 0.31034482812499997 0.6718494265625 0.3051724140625 0.6693944359375 0.3051724140625 0.6661211125000001 0.3068965515625 0.66693944375 0.312068965625 0.65793780625 0.31034482812499997 0.653846153125 0.3206896546875
0 0.5474631750000001 0.29137931093749997 0.552373159375 0.3051724140625 0.5597381343750001 0.3465517234375 0.584288053125 0.34827586250000003 0.5949263499999999 0.3568965515625 0.5998363343750001 0.3534482765625 0.61047463125 0.3586206890625 0.6088379703125 0.3672413796875 0.6039279875 0.36896551718750004 0.608019640625 0.37241379375 0.602291325 0.37586206875 0.608019640625 0.37758620625 0.6162029453125 0.36896551718750004 0.6170212765625 0.3465517234375 0.6137479546875 0.33275862031250003 0.6170212765625 0.32931034531250003 0.6186579375 0.3172413796875 0.6186579375 0.22241379375 0.615384615625 0.210344828125 0.5990180031250001 0.210344828125 0.5965630109375 0.2068965515625 0.60310965625 0.20517241406250003 0.5990180031250001 0.2034482765625 0.5949263499999999 0.2034482765625 0.5932896890625 0.20862068906250003 0.54828150625 0.20862068906250003 0.5458265140624999 0.2706896546875 0.5474631750000001 0.29137931093749997
0 0.3960720125 0.37758620625 0.40343698906250003 0.3551724140625 0.408346971875 0.3534482765625 0.41243862499999995 0.3586206890625 0.41489361718750006 0.3534482765625 0.417348609375 0.286206896875 0.415711946875 0.2793103453125 0.4116202953125 0.27758620624999997 0.41080196406249997 0.27758620624999997 0.39116202968749997 0.2810344828125 0.38952536875 0.286206896875 0.39198035937500003 0.37758620625 0.3960720125 0.37758620625
0 0.21522095000000002 0.6293103453125 0.2299509 0.634482759375 0.2324058921875 0.6465517234375 0.2283142390625 0.65 0.23076923124999998 0.6534482765625 0.2291325703125 0.6568965515625 0.2364975453125 0.67241379375 0.23404255312500002 0.6810344828125 0.2364975453125 0.687931034375 0.2528641578125 0.67758620625 0.26432078593749997 0.6551724140624999 0.2708674296875 0.65 0.2708674296875 0.637931034375 0.28723404218750004 0.5793103453125 0.27986906718750004 0.5706896546875 0.24631751249999997 0.5706896546875 0.24140752812500002 0.5706896546875 0.21522095000000002 0.57241379375 0.2127659578125 0.57758620625 0.2127659578125 0.615517240625 0.21522095000000002 0.6293103453125
0 0.08183306093750001 0.6534482765625 0.09492635 0.686206896875 0.1292962359375 0.687931034375 0.1374795421875 0.6655172406250001 0.1448445171875 0.6189655171874999 0.1448445171875 0.5844827593749999 0.1415711953125 0.5689655171875 0.1374795421875 0.5689655171875 0.0941080203125 0.57241379375 0.0785597375 0.6189655171874999 0.0769230765625 0.65 0.08183306093750001 0.6534482765625
0 0.0106382984375 0.72758620625 0.0130932890625 0.760344828125 0.02291325625 0.815517240625 0.02291325625 0.8568965515625001 0.0253682484375 0.862068965625 0.032733225 0.862068965625 0.043371521875 0.85 0.0490998359375 0.839655171875 0.052373159375 0.82241379375 0.05482815 0.7034482765625001 0.05155482812499999 0.610344828125 0.047463175 0.610344828125 0.019639934375 0.612068965625 0.013911620312500001 0.6172413796875 0.0106382984375 0.6706896546875 0.0106382984375 0.72758620625
0 0.1693944359375 0.9413793109374999 0.171031096875 0.915517240625 0.171031096875 0.8982758625 0.1661211125 0.887931034375 0.1661211125 0.8741379312499999 0.1497545015625 0.8413793109375 0.14320785625000002 0.8413793109375 0.142389525 0.8413793109375 0.1407528640625 0.9413793109374999 0.142389525 0.9465517234374999 0.1661211125 0.9482758625000001 0.1693944359375 0.9413793109374999