0 0.1614654 0.6160337546875 0.17232021718749999 0.6308016875 0.175033921875 0.651898734375 0.18181818125 0.6624472578125 0.18588873749999998 0.65611814375 0.20081411093749998 0.6540084390625001 0.20488466718749998 0.668776371875 0.22252374531250002 0.6708860765625 0.2103120765625 0.5168776375 0.203527815625 0.5168776375 0.115332428125 0.5316455703125 0.1099050203125 0.54852320625 0.1099050203125 0.6160337546875 0.1614654 0.6160337546875
0 0.175033921875 0.45358649843750004 0.1261872453125 0.4767932484375 0.1261872453125 0.4978902953125 0.17232021718749999 0.5 0.18588873749999998 0.5105485234375 0.2062415203125 0.50843881875 0.207598371875 0.32067510625 0.199457259375 0.32067510625 0.191316146875 0.33755274218750003 0.1886024421875 0.396624471875 0.1763907734375 0.4240506328125 0.175033921875 0.45358649843750004
0 0.2103120765625 0.36075949375 0.2265943015625 0.3628691984375 0.2333785625 0.373417721875 0.2293080046875 0.4324894515625 0.2388059703125 0.45358649843750004 0.240162821875 0.47257383906249995 0.23066485781249998 0.49367088593749997 0.2388059703125 0.5021097046875 0.256445046875 0.5 0.2659430125 0.4493670890625 0.27001356875 0.3143459921875 0.2578019 0.2932489453125 0.26458615937499996 0.2679324890625 0.2632293078125 0.2552742609375 0.2559927640625 0.2552742609375 0.219810040625 0.2552742609375 0.21166892812500002 0.265822784375 0.2089552234375 0.2890295359375 0.2103120765625 0.36075949375
0 0.3337856171875 0.651898734375 0.31478968749999997 0.65611814375 0.29850746250000004 0.6708860765625 0.29036635 0.6877637125 0.32428765312499996 0.6983122359375 0.373134328125 0.700421940625 0.3799185890625 0.691983121875 0.38263229375 0.6708860765625 0.39077340625 0.651898734375 0.377204884375 0.6202531640625 0.364993215625 0.56540084375 0.336499321875 0.487341771875 0.336499321875 0.4767932484375 0.34192672968750004 0.47046413437499995 0.3175033921875 0.46624472499999997 0.316146540625 0.46624472499999997 0.28629579375 0.4767932484375 0.28086838593749996 0.49367088593749997 0.306648575 0.54852320625 0.3337856171875 0.651898734375
0 0.3052917234375 0.757383965625 0.31478968749999997 0.7805907171875 0.3052917234375 0.8016877640625 0.312075984375 0.8291139234375 0.3134328359375 0.864978903125 0.3432835828125 0.86075949375 0.352781546875 0.8502109703125 0.352781546875 0.8375527421875001 0.3636363640625 0.80379746875 0.3744911796875 0.7109704640625 0.3704206234375 0.7025316453125 0.3541383984375 0.700421940625 0.3514246953125 0.700421940625 0.29443690624999996 0.7067510546875 0.2957937578125 0.7510548515625 0.30122116718749997 0.7594936703124999 0.3052917234375 0.757383965625
0 0.4952510171875 0.4324894515625 0.493894165625 0.40717299531249995 0.485753053125 0.38607595 0.4871099046875 0.3628691984375 0.48032564375 0.36075949375 0.473541384375 0.32489451406250003 0.46811397499999996 0.3143459921875 0.44233378593749995 0.2932489453125 0.4409769328125 0.2932489453125 0.40976933437499996 0.30379746875 0.40162822187499997 0.31645569687499997 0.40298507499999997 0.43459915625 0.4952510171875 0.4324894515625
0 0.41655359531249997 0.25949367031250004 0.4274084125 0.25316455625 0.4328358203125 0.23628692031249998 0.45454545468749996 0.25316455625 0.45047489843750005 0.2194092828125 0.43826322968750003 0.18776371249999999 0.389416553125 0.1898734171875 0.38805970156249997 0.18776371249999999 0.369063771875 0.191983121875 0.364993215625 0.2194092828125 0.36770692031249996 0.2552742609375 0.41655359531249997 0.25949367031250004
0 0.3459972859375 0.2848101265625 0.3636363640625 0.2552742609375 0.3636363640625 0.22995780625 0.35820895468749997 0.2151898734375 0.34464043437499997 0.20464135 0.30257801875 0.20464135 0.2998643140625 0.20464135 0.2917232015625 0.24894514843749999 0.2971506109375 0.2805907171875 0.312075984375 0.2890295359375 0.3459972859375 0.2848101265625
0 0.5169606515625 0.49156118125 0.5291723203124999 0.504219409375 0.5210312078125 0.50843881875 0.5400271375 0.5232067515625001 0.56037991875 0.5232067515625001 0.5698778828125 0.5063291140625 0.5820895515625 0.5063291140625 0.5875169609374999 0.5126582281250001 0.5875169609374999 0.40717299531249995 0.5793758484375 0.396624471875 0.5671641796875 0.396624471875 0.5630936234374999 0.3881856546875 0.56037991875 0.3987341765625 0.5332428765625 0.396624471875 0.526458615625 0.3881856546875 0.52781546875 0.38185654062499996 0.5251017640625 0.38185654062499996 0.5251017640625 0.4198312234375 0.5210312078125 0.430379746875 0.5251017640625 0.487341771875 0.5169606515625 0.49156118125
0 0.606512890625 0.43459915625 0.5956580734375 0.438818565625 0.5915875171875 0.45147679375000005 0.5956580734375 0.5189873421875 0.6716417906250001 0.521097046875 0.67299864375 0.5 0.679782903125 0.49367088593749997 0.67299864375 0.44092827031250004 0.6784260515625 0.37974683593749997 0.67299864375 0.373417721875 0.6655359562500001 0.373417721875 0.6404341921875 0.37552742656250004 0.639077340625 0.4092827 0.6037991859375 0.413502109375 0.606512890625 0.43459915625
0 0.8412483046875 0.5337552750000001 0.8466757125000001 0.5274261609375 0.8466757125000001 0.4852320671875 0.8697421984375 0.48312236249999996 0.87109905 0.43459915625 0.8643147890625 0.4198312234375 0.8385346 0.4113924046875 0.83446404375 0.4113924046875 0.82632293125 0.44092827031250004 0.820895521875 0.4451476796875 0.8195386703124999 0.52531645625 0.8412483046875 0.5337552750000001
0 0.5875169609374999 0.5675105484375 0.5698778828125 0.54852320625 0.56852103125 0.5464135015625 0.5658073265625 0.5527426156249999 0.5861601078125 0.58227848125 0.5915875171875 0.58227848125 0.5875169609374999 0.5675105484375
0 0.6010854812499999 0.761603375 0.6024423343749999 0.742616034375 0.6295793765625 0.7320675109375 0.6363636359375 0.7046413499999999 0.6445047484375 0.691983121875 0.6417910453125 0.677215190625 0.6160108546874999 0.6898734171875 0.56037991875 0.67299578125 0.5563093625 0.67299578125 0.5671641796875 0.7362869203125 0.5766621437499999 0.7594936703124999 0.5861601078125 0.765822784375 0.6010854812499999 0.761603375
0 0.56037991875 0.6329113921875 0.55223880625 0.6371308015625 0.54816825 0.6497890296875 0.5576662140625 0.6708860765625 0.5793758484375 0.6540084390625001 0.6363636359375 0.6497890296875 0.635006784375 0.626582278125 0.6241519671875 0.5991561187500001 0.61736770625 0.5970464140625 0.6051560375 0.6075949359374999 0.594301221875 0.5886075953125001 0.59294436875 0.5886075953125001 0.5766621437499999 0.5907173 0.5630936234374999 0.6054852328125 0.5563093625 0.6054852328125 0.56037991875 0.6329113921875
0 0.655359565625 0.955696203125 0.6540027140625 0.9535864984375 0.651289009375 0.9978902953125001 0.6852103125 0.9978902953125001 0.66485753125 0.9599156125 0.655359565625 0.955696203125
0 0.659430121875 0.9198312234375001 0.6716417906250001 0.9198312234375001 0.691994571875 0.9535864984375 0.7069199453125 0.9978902953125001 0.73812754375 0.9978902953125001 0.7408412484375 0.978902953125 0.7354138406249999 0.938818565625 0.7286295796875 0.9282700421875001 0.7164179109375 0.8797468359374999 0.70963365 0.8797468359374999 0.643147896875 0.9029535859375001 0.643147896875 0.9198312234375001 0.6526458609375 0.930379746875 0.659430121875 0.9198312234375001
0 0.759837178125 0.16455696250000001 0.7774762546875 0.168776371875 0.8073270015625 0.20886075937499998 0.822252375 0.2194092828125 0.8412483046875 0.282700421875 0.8724559015625 0.2784810125 0.892808684375 0.28691983125 0.8955223875 0.2679324890625 0.8873812750000001 0.2236286921875 0.88331071875 0.1286919828125 0.8765264593750001 0.11181434531250001 0.8493894171875 0.109704640625 0.84260515625 0.109704640625 0.755766621875 0.11392405000000001 0.74626865625 0.1329113921875 0.74626865625 0.147679325 0.759837178125 0.16455696250000001
0 0.7761194031249999 0.291139240625 0.7761194031249999 0.27004219375 0.7706919953125 0.261603375 0.73812754375 0.261603375 0.7232021703125 0.2510548515625 0.7191316140625 0.2194092828125 0.7150610578125 0.2151898734375 0.707937584375 0.2151898734375 0.6838534593750001 0.2194092828125 0.6852103125 0.2932489453125 0.7571234734375001 0.2974683546875 0.7761194031249999 0.291139240625
0 0.7625508812499999 0 0.767978290625 0.0147679328125 0.7774762546875 0.0168776375 0.7829036640625 0.0274261609375 0.7815468109375 0.04852320625 0.7856173671875 0.0675105484375 0.772048846875 0.10337552812499999 0.8466757125000001 0.1054852328125 0.85074626875 0.094936709375 0.85074626875 0.0717299578125 0.8602442328125001 0.061181434374999996 0.8738127546875001 0.061181434374999996 0.8629579375 0.021097046875 0.8616010859375001 0 0.8545260703125 0 0.7625508812499999 0
0 0.8846675718749999 0 0.8955223875 0.0590717296875 0.8955223875 0.11181434531250001 0.9023066484375001 0.126582278125 0.8995929437499999 0.135021096875 0.8955223875 0.1329113921875 0.9023066484375001 0.13924050625 0.8955223875 0.16455696250000001 0.8982360921874999 0.17088607656250002 0.9050203531250001 0.168776371875 0.9036635000000001 0.17932489375 0.8955223875 0.17932489375 0.9009497968750001 0.1898734171875 0.8955223875 0.2109704640625 0.8995929437499999 0.2784810125 0.9118046140624999 0.2974683546875 0.957937584375 0.29535865 0.9592944375 0.28691983125 0.974219809375 0.27637130781249997 0.9823609234375 0.24261603437499998 0.9796472187499999 0.2194092828125 0.970149253125 0.22573839687500002 0.9660786968749999 0.200421940625 0.9728629578125 0.18776371249999999 0.983717775 0.1898734171875 0.9891451828125 0.1814345984375 0.9986431484375 0.08649789062499999 0.9986431484375 0.033755275 0.9592944375 0 0.9525101765624999 0 0.8846675718749999 0
0 0.6865671640625 0 0.6865671640625 0.0274261609375 0.6947082765625 0.031645570312499996 0.7028493890624999 0.0506329109375 0.7191316140625 0.061181434374999996 0.7164179109375 0.08649789062499999 0.7272727265625 0.0970464140625 0.7408412484375 0.0970464140625 0.7476255093749999 0.08649789062499999 0.7503392125 0 0.7432534296875 0 0.6865671640625 0