0 0.177322075 0.49126213593749996 0.2002412546875 0.5242718453124999 0.21833534375000002 0.5262135921875 0.22195416093749998 0.5203883499999999 0.2207478890625 0.502912621875 0.197828709375 0.48737864062499997 0.1966224359375 0.4504854375 0.1809408921875 0.43495145625 0.177322075 0.43495145625 0.162846803125 0.4388349515625 0.1580217125 0.4466019421875 0.156815440625 0.48543689375000004 0.177322075 0.49126213593749996
0 0.03498190625 0.55533980625 0.036188178125 0.5902912625 0.0699638125 0.6058252421875 0.065138721875 0.5495145625 0.0470446328125 0.5300970875 0.04101326875 0.5067961171875 0.03498190625 0.49902912656250004 0.030156815625 0.49902912656250004 0.025331725 0.50485436875 0.025331725 0.5203883499999999 0.026537996874999997 0.5359223296875 0.03498190625 0.55533980625
0 0.7587454765625 0.192233009375 0.7587454765625 0.2912621359375 0.7804583843749999 0.332038834375 0.8106151984375 0.3533980578125 0.8299155609375 0.357281553125 0.8480096500000001 0.3766990296875 0.872135103125 0.37281553437500004 0.8745476484375001 0.3262135921875 0.8817852828125 0.28737864062499996 0.868516284375 0.28543689375 0.858866103125 0.2718446609375 0.8552472859375 0.227184465625 0.8419782874999999 0.21941747500000003 0.837153196875 0.1902912625 0.837153196875 0.172815534375 0.8455971046874999 0.1533980578125 0.833534378125 0.13009708749999999 0.8142340171875 0.112621359375 0.8075995171875 0.112621359375 0.796139928125 0.11456310624999999 0.78769601875 0.1262135921875 0.772014475 0.1689320390625 0.7587454765625 0.192233009375
0 0.872135103125 0 0.811821471875 0.0038834953125 0.8275030156250001 0.021359223437499998 0.8359469234375 0.062135921875 0.85765983125 0.0932038828125 0.893848009375 0.10291262187500001 0.9047044625 0.11456310624999999 0.8986731000000001 0.1689320390625 0.9071170078125 0.1883495140625 0.9071170078125 0.20970873750000002 0.922798553125 0.233009709375 0.9240048249999999 0.2 0.9119420984375 0.1786407765625 0.9119420984375 0.1689320390625 0.9312424609375001 0.1514563109375 0.9324487328125001 0.132038834375 0.9179734625 0.1009708734375 0.9179734625 0.0737864078125 0.8926417375 0.05436893281250001 0.8781664656249999 0.025242718749999997 0.8781664656249999 0 0.872135103125 0
0 0.48130277499999996 0 0.47768395625000004 0.013592232812499999 0.48130277499999996 0.033009709375 0.517490953125 0.08155339843750001 0.5199034984375001 0.12038835 0.5343787703125 0.1417475734375 0.552472859375 0.139805825 0.5633293125 0.10291262187500001 0.57901085625 0.1262135921875 0.62967430625 0.13009708749999999 0.63570566875 0.12038835 0.634499396875 0.1087378640625 0.6224366703124999 0.10291262187500001 0.6164053078125 0.0932038828125 0.61037394375 0.060194175 0.6067551265625 0.0582524265625 0.5958986734375 0.0737864078125 0.5862484921875 0.0660194171875 0.6055488546875 0.021359223437499998 0.6079614 0 0.55367913125 0 0.5657418578125 0.027184465624999998 0.5452352234375 0.033009709375 0.5379975875 0.042718446874999996 0.5355850421875 0.0563106796875 0.5392038593749999 0.067961165625 0.5355850421875 0.077669903125 0.527141134375 0.07572815468750001 0.517490953125 0.0485436890625 0.50301568125 0.0388349515625 0.50301568125 0.033009709375 0.49095295468750005 0.0310679609375 0.4897466828125 0.025242718749999997 0.48371532031250003 0.0291262140625 0.482509046875 0 0.48130277499999996 0
0 0.6212303984374999 0 0.618817853125 0.040776698437499995 0.63570566875 0.07961165 0.64897466875 0.09514563125 0.653799759375 0.1106796109375 0.66103739375 0.11456310624999999 0.6574185765625 0 0.6513872140625 0 0.6212303984374999 0
0 0.6393244874999999 0.617475728125 0.633293125 0.627184465625 0.6320868515625 0.6407766984375 0.62364294375 0.652427184375 0.6224366703124999 0.71456310625 0.634499396875 0.7339805828125 0.650180940625 0.7514563109375 0.653799759375 0.7495145625 0.6574185765625 0.7592233015625001 0.6658624843750001 0.7514563109375 0.669481303125 0.7553398062500001 0.67430639375 0.7436893203125 0.6718938484375 0.739805825 0.6815440296874999 0.7242718453125 0.710494571875 0.7242718453125 0.71170084375 0.6407766984375 0.7080820265625001 0.6349514562499999 0.704463209375 0.642718446875 0.7020506640625 0.636893203125 0.7032569359374999 0.6291262140625 0.71170084375 0.6213592234374999 0.7129071171875 0.6038834953125 0.70566948125 0.6 0.7068757546875 0.5941747578125 0.700844390625 0.582524271875 0.6899879375 0.5786407765625 0.6851628468750001 0.563106796875 0.6586248484375 0.5456310671875 0.653799759375 0.5359223296875 0.6513872140625 0.5359223296875 0.6417370328125 0.5533980578125 0.65500603125 0.5883495140624999 0.65500603125 0.6058252421875 0.6393244874999999 0.617475728125
0 0.653799759375 0.4388349515625 0.6393244874999999 0.46407767031249997 0.6248492156250001 0.46407767031249997 0.6224366703124999 0.45436893281249996 0.6224366703124999 0.512621359375 0.6562123046874999 0.5242718453124999 0.6670687578125001 0.5067961171875 0.6815440296874999 0.51456310625 0.69963811875 0.5067961171875 0.7032569359374999 0.4582524265625 0.6960193 0.427184465625 0.6851628468750001 0.41553398125 0.6839565734375 0.41553398125 0.6586248484375 0.42524271875 0.653799759375 0.433009709375 0.650180940625 0.4291262140625 0.653799759375 0.4388349515625
0 0.6308805796875 0.4310679609375 0.66103739375 0.41941747500000004 0.670687575 0.392233009375 0.6682750296875 0.366990290625 0.6634499390624999 0.366990290625 0.62364294375 0.38252427187500004 0.620024125 0.3883495140625 0.6212303984374999 0.41941747500000004 0.6308805796875 0.4310679609375
0 0.7442702046874999 0.9281553390624999 0.7985524734375 0.9514563109375 0.80699638125 0.9495145624999999 0.8094089265625 0.852427184375 0.7177322078125 0.8116504859375 0.710494571875 0.8116504859375 0.7080820265625001 0.8213592234375 0.716525934375 0.87961165 0.729794934375 0.9145631062499999 0.7442702046874999 0.9281553390624999
0 0.8250904703125 0.677669903125 0.8299155609375 0.7067961171875 0.837153196875 0.7184466015625001 0.862484921875 0.7184466015625001 0.8648974671874999 0.6893203890625 0.8564535578125 0.6737864078125 0.85765983125 0.652427184375 0.862484921875 0.642718446875 0.8612786484375 0.62524271875 0.8528347406250001 0.6233009703125 0.8516284687500001 0.6135922328125 0.83835946875 0.592233009375 0.8262967437500001 0.592233009375 0.8106151984375 0.580582525 0.80096501875 0.580582525 0.7949336546875 0.592233009375 0.7840772015625 0.642718446875 0.8178528343749999 0.6660194171875 0.8250904703125 0.677669903125
0 0.47768395625000004 0.9747572812499999 0.476477684375 0.9980582531250001 0.5006031359375 0.9980582531250001 0.5102533171875 0.9844660187500001 0.5126658625 0.96504854375 0.5066345 0.947572815625 0.5054282265625 0.9281553390624999 0.5102533171875 0.9067961171875 0.523522315625 0.8951456312499999 0.5211097703124999 0.88543689375 0.5134700453125001 0.88543689375 0.48009650156249994 0.8873786406249999 0.4583835953125 0.92038835 0.45355850468750003 0.9572815531250001 0.47768395625000004 0.9747572812499999
0 0.2557297953125 0.21553398124999998 0.264173703125 0.3359223296875 0.279855246875 0.3495145625 0.2870928828125 0.4 0.3063932453125 0.433009709375 0.3160434265625 0.433009709375 0.3365500609375 0.40194174687500006 0.35464415 0.39611650468750004 0.36308805781250003 0.380582525 0.3691194203125 0.3533980578125 0.3679131484375 0.31456310625 0.36308805781250003 0.2893203890625 0.3679131484375 0.27961165 0.379975875 0.28737864062499996 0.3860072375 0.277669903125 0.3872135109375 0.26407767031249996 0.384800965625 0.2233009703125 0.3787696015625 0.21553398124999998 0.355850421875 0.1961165046875 0.346200240625 0.1941747578125 0.334137515625 0.1766990296875 0.31363088125 0.1941747578125 0.308805790625 0.1766990296875 0.3063932453125 0.1766990296875 0.3015681546875 0.18640776718750002 0.27864897499999997 0.18640776718750002 0.2653799765625 0.1961165046875 0.2557297953125 0.21553398124999998
0 0.3570566953125 0.1689320390625 0.36067551249999996 0.172815534375 0.3570566953125 0.1786407765625 0.3474065140625 0.1766990296875 0.371531965625 0.2038834953125 0.38118214687499996 0.201941746875 0.3775633296875 0.1941747578125 0.384800965625 0.182524271875 0.384800965625 0.16504854375 0.379975875 0.15533980625 0.37635705625 0.15533980625 0.3727382390625 0.16310679687500002 0.3691194203125 0.1592233015625 0.359469240625 0.16504854375 0.3570566953125 0.1689320390625
0 0.2907117015625 0 0.2810615203125 0.0097087375 0.25814234062499997 0.01553398125 0.25331725 0.0233009703125 0.254523521875 0.04466019375 0.295536790625 0.0912621359375 0.2931242453125 0.10291262187500001 0.2967430640625 0.1067961171875 0.289505428125 0.112621359375 0.320868515625 0.15533980625 0.3353437875 0.16116504843749999 0.3413751515625 0.14563106718750002 0.35343787656250003 0.16116504843749999 0.3570566953125 0.1514563109375 0.3823884203125 0.147572815625 0.384800965625 0.1339805828125 0.3787696015625 0.1165048546875 0.3787696015625 0.10291262187500001 0.38359469218750003 0.0893203890625 0.384800965625 0.0640776703125 0.3823884203125 0.0388349515625 0.37394451093750003 0.025242718749999997 0.3823884203125 0 0.3437876953125 0 0.3377563328125 0.01553398125 0.334137515625 0.013592232812499999 0.334137515625 0 0.327933828125 0 0.2907117015625 0
0 0.16767189375 0 0.1652593484375 0.027184465624999998 0.1580217125 0.050485437499999994 0.17129071093749998 0.08543689374999999 0.17129071093749998 0.0990291265625 0.1640530765625 0.1087378640625 0.1387213515625 0.1067961171875 0.1254523515625 0.1184466015625 0.1326899875 0.139805825 0.131483715625 0.1708737859375 0.156815440625 0.1708737859375 0.16164053125 0.15533980625 0.16887816718749998 0.147572815625 0.20144752656249998 0.1417475734375 0.1942098921875 0.0699029125 0.1797346203125 0.0660194171875 0.17370325625 0.0466019421875 0.1797346203125 0.0388349515625 0.2002412546875 0.040776698437499995 0.2159227984375 0.0310679609375 0.213510253125 0.017475728125 0.2026538 0.0097087375 0.2026538 0 0.19565741875 0 0.16767189375 0