0 0 0.6208791203125 0.0264227640625 0.6241758234375 0.044715446874999995 0.6307692312500001 0.0467479671875 0.65054945 0.0630081296875 0.65604395625 0.1077235765625 0.6571428578125 0.14430894375 0.6417582421875 0.1666666671875 0.6373626375 0.1910569109375 0.6571428578125 0.3313008125 0.6571428578125 0.335365853125 0.6549450546875 0.32520325156249996 0.6428571421875 0.294715446875 0.6296703296875 0.302845528125 0.6241758234375 0.3170731703125 0.6241758234375 0.351626015625 0.63186813125 0.3658536578125 0.6296703296875 0.3922764234375 0.65604395625 0.430894309375 0.659340659375 0.43902439062500004 0.6571428578125 0.44512195156249995 0.56813186875 0.43699187031250003 0.5637362640625 0.347560975 0.552747253125 0.2804878046875 0.552747253125 0.2113821140625 0.56813186875 0.172764228125 0.5824175828125 0.1300813015625 0.5791208796875 0.0813008125 0.58131868125 0.0792682921875 0.578021978125 0.085365853125 0.5758241765625 0.077235771875 0.5736263734375 0.0813008125 0.5648351640625 0.07317073125 0.5637362640625 0.07520325156249999 0.55604395625 0.05691056875 0.55604395625 0.0508130078125 0.5615384609375 0.0386178859375 0.546153846875 0.0386178859375 0.55604395625 0.032520325 0.559340659375 0.024390243750000002 0.5538461531250001 0.030487804687499998 0.5483516484375001 0.00813008125 0.5450549453125 0 0.546153846875 0 0.5516483515624999 0.0101626015625 0.55604395625 0.0060975609375000005 0.5604395609374999 0 0.559340659375 0 0.5791208796875 0.00813008125 0.5802197796875 0.020325203125 0.5923076921875 0 0.5956043953125 0 0.6019230765625 0 0.6208791203125
0 0.6036585359375 0.6340659343749999 0.60569105625 0.6043956046875001 0.5873983734375 0.6010989015625 0.5833333328125 0.5923076921875 0.5670731703125 0.5835164828125 0.5060975609375 0.5714285718750001 0.5 0.6252747249999999 0.5 0.6296703296875 0.504065040625 0.6373626375 0.5264227640625 0.6373626375 0.5508130078125 0.6307692312500001 0.5589430890625 0.6428571421875 0.5670731703125 0.64395604375 0.6036585359375 0.6340659343749999
0 0.7642276421875 0.3230769234375 0.7357723578125 0.30659340625 0.6788617890624999 0.2989010984375 0.6239837390625 0.3 0.62195121875 0.321978021875 0.6199186984375 0.3230769234375 0.6239837390625 0.3648351640625 0.66056910625 0.3824175828125 0.6910569109375 0.390109890625 0.7113821140625001 0.391208790625 0.7560975609375 0.3670329671875 0.7642276421875 0.3230769234375
0 0.9613821140625 0.46373626406249996 0.9674796750000001 0.459340659375 0.9654471546875 0.446153846875 0.9329268296875 0.42417582343750004 0.8516260156250001 0.4208791203125 0.6707317078125 0.42197802187500005 0.6707317078125 0.427747253125 0.6727642281249999 0.47142857187500004 0.680894309375 0.4758241765625 0.8414634140624999 0.4758241765625 0.8638211374999999 0.46813186875 0.902439025 0.46263736250000004 0.9613821140625 0.46373626406249996
0 0.656504065625 0.49450549375 0.62195121875 0.4978021984375 0.617886178125 0.5175824171875 0.617886178125 0.5230769234375 0.632113821875 0.5417582421875 0.7154471546875001 0.540659340625 0.7134146343750001 0.5340659343749999 0.6991869921875 0.5296703296875 0.68495935 0.5120879125 0.656504065625 0.49450549375
0 0.8841463421875 0.5450549453125 0.8699186984375 0.5483516484375001 0.8211382109375001 0.5769230765625 0.827235771875 0.5934065937499999 0.8170731703125 0.60549450625 0.8170731703125 0.6296703296875 0.8170731703125 0.6351648359375 0.8211382109375001 0.64395604375 0.8455284546874999 0.65604395625 0.8821138218750001 0.6549450546875 0.9126016265624999 0.6043956046875001 0.9369918703125 0.5758241765625 0.93495935 0.559340659375 0.914634146875 0.546153846875 0.8841463421875 0.5450549453125
0 0.802845528125 0.5802197796875 0.7967479671875 0.591208790625 0.7804878046875 0.5978021984375 0.7764227640625 0.608791209375 0.7764227640625 0.6120879125 0.778455284375 0.6164835171874999 0.7886178859374999 0.61868131875 0.8130081296875 0.6197802203125 0.8211382109375001 0.6164835171874999 0.827235771875 0.574725275 0.802845528125 0.5802197796875
0 0.69308943125 0.1879120875 0.6991869921875 0.1824175828125 0.7276422765625 0.1857142859375 0.7398373984375 0.17912087968749998 0.75 0.17912087968749998 0.754065040625 0.1736263734375 0.7601626015625 0.17472527499999999 0.7621951218749999 0.1670329671875 0.72560975625 0.1373626375 0.68495935 0.1241758234375 0.6585365859375 0.1109890109375 0.6260162609375 0.10329670312499999 0.62195121875 0.11428571406250002 0.62195121875 0.11978022031249999 0.62195121875 0.20219780156249997 0.6260162609375 0.20659340624999997 0.6422764234375 0.208791209375 0.68495935 0.2076923078125 0.69308943125 0.20219780156249997 0.69308943125 0.1879120875
0 0.4512195125 0.7582417578125 0.43699187031250003 0.7615384609375 0.42682926875 0.7593406593750001 0.4186991875 0.765934065625 0.4186991875 0.7758241765625 0.44918699218749997 0.7791208796875 0.597560975 0.7791208796875 0.593495934375 0.7593406593750001 0.6016260156250001 0.747252746875 0.48170731718750004 0.7428571421875 0.4512195125 0.7582417578125
0 0.48983739843749996 0.9065934062500001 0.45934959375 0.847252746875 0.4207317078125 0.840659340625 0.40243902499999995 0.840659340625 0.3963414640625 0.8439560437500001 0.3963414640625 0.852747253125 0.414634146875 0.8923076921875 0.42682926875 0.9010989015625 0.4288617890625 0.9175824171875 0.43902439062500004 0.9175824171875 0.4695121953125 0.9076923078125001 0.48983739843749996 0.9065934062500001
0 0.22357723593749998 0.7164835171874999 0.21951219531250002 0.7142857140625 0.1991869921875 0.7175824171875 0.14634146406249998 0.7175824171875 0.148373984375 0.7516483515625 0.14634146406249998 0.752747253125 0.152439025 0.7604395609375 0.1666666671875 0.7626373625 0.189024390625 0.774725275 0.21951219531250002 0.774725275 0.2276422765625 0.73076923125 0.22357723593749998 0.7164835171874999