0 0.6706896546875 0.2299509 0.712068965625 0.24140752812500002 0.739655171875 0.2405891984375 0.7551724140625 0.237315875 0.784482759375 0.2127659578125 0.786206896875 0.1923076921875 0.7672413796875001 0.18166939375 0.734482759375 0.178396071875 0.6896551718749999 0.178396071875 0.663793103125 0.1759410796875 0.6551724140624999 0.1726677578125 0.6034482765625 0.17348608906250002 0.5965517234375 0.1775777421875 0.6 0.182487725 0.586206896875 0.20621931249999997 0.5706896546875 0.2127659578125 0.5689655171875 0.21358428749999997 0.57241379375 0.2168576109375 0.5827586203124999 0.2168576109375 0.57586206875 0.22585924687499997 0.610344828125 0.22585924687499997 0.62241379375 0.2299509 0.6706896546875 0.2299509
0 0.77586206875 0.12684124375 0.7948275859375 0.12356792187500001 0.82241379375 0.10556464843749999 0.8431034484375 0.102291325 0.8448275859375001 0.09165302812500001 0.8517241375 0.087561375 0.8689655171874999 0.08592471406249999 0.87758620625 0.08183306093750001 0.9051724140624999 0.0769230765625 0.9034482765625 0.0654664484375 0.934482759375 0.0425531921875 0.934482759375 0.0180032734375 0.92241379375 0.013911620312500001 0.9258620687500001 0.0065466453125 0.9172413796875001 0.0008183312499999999 0.8948275859375 0.009001635937499999 0.862068965625 0.012274959375 0.8431034484375 0.028641571875 0.8172413796875 0.0400982 0.760344828125 0.05155482812499999 0.715517240625 0.07937806875 0.6793103453125 0.0965630109375 0.67241379375 0.099836334375 0.6810344828125 0.10310965624999999 0.687931034375 0.12684124375 0.72413793125 0.1260229125 0.72758620625 0.1284779046875 0.7517241375 0.1252045828125 0.77586206875 0.12684124375
0 0.684482759375 0.16284779062500002 0.7327586203124999 0.1693944359375 0.736206896875 0.1726677578125 0.7465517234375 0.1726677578125 0.7534482765625 0.1775777421875 0.760344828125 0.17512275 0.7706896546875 0.178396071875 0.77758620625 0.1767594109375 0.7827586203125 0.170212765625 0.7810344828125 0.146481178125 0.7413793109375 0.139116203125 0.7293103453125 0.130932896875 0.7172413796875 0.1292962359375 0.6793103453125 0.1284779046875 0.5931034484375 0.13338788906250001 0.5844827593749999 0.138297871875 0.57586206875 0.15302782343750002 0.57586206875 0.1571194765625 0.57758620625 0.1718494265625 0.5827586203124999 0.17430441875 0.6051724140625 0.1718494265625 0.6603448281250001 0.1718494265625 0.6689655171875 0.1653027828125 0.684482759375 0.16284779062500002
0 0.9206896546875001 0.13993453281249998 0.887931034375 0.13420621875 0.8689655171874999 0.1481178390625 0.8689655171874999 0.1526186578125 0.8689655171874999 0.1661211125 0.8758620687500001 0.170212765625 0.9689655171875 0.170212765625 0.97241379375 0.146481178125 0.960344828125 0.1415711953125 0.9206896546875001 0.13993453281249998
0 0.934482759375 0.26759410781250004 0.9206896546875001 0.26923076875 0.9172413796875001 0.297054009375 0.9172413796875001 0.3022367703125 0.92241379375 0.32651391093750004 0.9310344828125 0.3281505734375 0.9672413796875 0.3158756140625 0.9672413796875 0.27986906718750004 0.960344828125 0.2700491 0.934482759375 0.26759410781250004
0 0.915517240625 0.425531915625 0.9017241374999999 0.40425531875000004 0.8931034484374999 0.40507365 0.8827586203125 0.41080196406249997 0.85 0.4116202953125 0.8172413796875 0.4189852703125 0.8327586203124999 0.43698854374999996 0.810344828125 0.45417348593750007 0.810344828125 0.4582651390625 0.82241379375 0.46644844531249996 0.8379310343749999 0.46399345312499995 0.87758620625 0.4656301140625 0.9017241374999999 0.4590834703125 0.9189655171875 0.44026186562499997 0.915517240625 0.425531915625
0 0.5689655171875 0.34206219375 0.5706896546875 0.3314238953125 0.5586206890625001 0.329787234375 0.47413793125000003 0.33306055625000003 0.45 0.35024549843749997 0.43275862031249995 0.37234042500000003 0.43275862031249995 0.377250409375 0.44827586249999996 0.3813420625 0.4706896546875 0.3821603921875 0.5482758624999999 0.3813420625 0.57241379375 0.368248771875 0.57586206875 0.346153846875 0.5689655171875 0.34206219375
0 0.4672413796875 0.3346972171875 0.5 0.30360065468749997 0.4982758625 0.29950900156250004 0.5086206890625 0.2954173484375 0.513793103125 0.2831423890625 0.52241379375 0.27986906718750004 0.534482759375 0.256955809375 0.5310344828125 0.2528641578125 0.4413793109375 0.25531914843750003 0.4068965515625 0.2700491 0.4017241375 0.2757774140625 0.3948275859375 0.3346972171875 0.3948275859375 0.3355155484375 0.3965517234375 0.377250409375 0.41206896562499995 0.3797054015625 0.43448275937499997 0.3739770875 0.43793103437500003 0.3625204578125 0.465517240625 0.34206219375 0.4672413796875 0.3346972171875
0 0.634482759375 0.273322421875 0.634482759375 0.27905073593749996 0.65 0.27986906718750004 0.65 0.26186579375 0.6448275859375 0.2561374796875 0.5431034484375 0.25531914843750003 0.534482759375 0.26759410781250004 0.534482759375 0.2708674296875 0.5431034484375 0.27905073593749996 0.6172413796875 0.27905073593749996 0.6206896546875 0.2700491 0.637931034375 0.26677577812500003 0.639655171875 0.274140753125 0.634482759375 0.273322421875
0 0.487931034375 0.210310965625 0.47241379375000003 0.2193126015625 0.46896551718749996 0.2299509 0.46896551718749996 0.23404255312500002 0.48275862031249994 0.2512274953125 0.5327586203125 0.2512274953125 0.539655171875 0.2487725046875 0.5586206890625001 0.2168576109375 0.5206896546875 0.210310965625 0.487931034375 0.210310965625
0 0.32758620625 0.3477905078125 0.32931034531250003 0.357610475 0.3465517234375 0.3600654671875 0.3465517234375 0.3674304421875 0.3310344828125 0.37152209531249997 0.32413793125 0.377250409375 0.33275862031250003 0.3797054015625 0.3913793109375 0.38052373125 0.3965517234375 0.3747954171875 0.3965517234375 0.3477905078125 0.3913793109375 0.3396072015625 0.3965517234375 0.31096562968749997 0.387931034375 0.30687397656250004 0.3965517234375 0.305237315625 0.3948275859375 0.289689034375 0.3206896546875 0.2937806875 0.31034482812499997 0.29950900156250004 0.3051724140625 0.3281505734375 0.3051724140625 0.33060556406249997 0.3068965515625 0.3338788875 0.312068965625 0.33306055625000003 0.31034482812499997 0.34206219375 0.3206896546875 0.346153846875 0.3206896546875 0.34942716875 0.32758620625 0.3477905078125
0 0.3465517234375 0.44026186562499997 0.34827586250000003 0.415711946875 0.3568965515625 0.40507365 0.3534482765625 0.40016366562499994 0.3586206890625 0.38952536875 0.3672413796875 0.39116202968749997 0.36896551718750004 0.3960720125 0.37241379375 0.39198035937500003 0.37586206875 0.39770867499999996 0.37758620625 0.39198035937500003 0.36896551718750004 0.38379705468749997 0.3465517234375 0.3829787234375 0.33275862031250003 0.3862520453125 0.32931034531250003 0.3829787234375 0.3172413796875 0.3813420625 0.22241379375 0.3813420625 0.210344828125 0.384615384375 0.210344828125 0.40098199687499997 0.2068965515625 0.40343698906250003 0.20517241406250003 0.39689034375 0.2034482765625 0.40098199687499997 0.2034482765625 0.40507365 0.20862068906250003 0.4067103109375 0.20862068906250003 0.45171849374999995 0.2706896546875 0.45417348593750007 0.29137931093749997 0.452536825 0.3051724140625 0.447626840625 0.3465517234375 0.44026186562499997
0 0.3534482765625 0.591653028125 0.3586206890625 0.587561375 0.3534482765625 0.5851063828124999 0.286206896875 0.5826513906249999 0.2793103453125 0.584288053125 0.27758620624999997 0.5883797046875 0.27758620624999997 0.5891980359375 0.2810344828125 0.6088379703125 0.286206896875 0.61047463125 0.37758620625 0.608019640625 0.37758620625 0.6039279875 0.3551724140625 0.5965630109375 0.3534482765625 0.591653028125
0 0.6465517234375 0.7675941078124999 0.65 0.7716857609375001 0.6534482765625 0.76923076875 0.6568965515625 0.7708674296875 0.67241379375 0.7635024546875 0.6810344828125 0.765957446875 0.687931034375 0.7635024546875 0.67758620625 0.7471358421875001 0.6551724140624999 0.7356792140625 0.65 0.7291325703125 0.637931034375 0.7291325703125 0.5793103453125 0.7127659578125 0.5706896546875 0.7201309328125001 0.5706896546875 0.7536824875 0.5706896546875 0.758592471875 0.57241379375 0.78477905 0.57758620625 0.7872340421875 0.615517240625 0.7872340421875 0.6293103453125 0.78477905 0.634482759375 0.7700491 0.6465517234375 0.7675941078124999
0 0.687931034375 0.8707037640624999 0.6655172406250001 0.8625204578125001 0.6189655171874999 0.8551554828124999 0.5844827593749999 0.8551554828124999 0.5689655171875 0.8584288046875 0.5689655171875 0.8625204578125001 0.57241379375 0.9058919796874999 0.6189655171874999 0.9214402625 0.65 0.9230769234375 0.6534482765625 0.9181669390625 0.686206896875 0.90507365 0.687931034375 0.8707037640624999
0 0.815517240625 0.9770867437499999 0.8568965515625001 0.9770867437499999 0.862068965625 0.9746317515625 0.862068965625 0.967266775 0.85 0.956628478125 0.839655171875 0.9509001640625 0.82241379375 0.947626840625 0.7034482765625001 0.94517185 0.610344828125 0.948445171875 0.610344828125 0.9525368249999999 0.612068965625 0.980360065625 0.6172413796875 0.9860883796875 0.6706896546875 0.9893617015625 0.72758620625 0.9893617015625 0.760344828125 0.9869067109375 0.815517240625 0.9770867437499999
0 0.8982758625 0.8289689031249999 0.887931034375 0.8338788875 0.8741379312499999 0.8338788875 0.8413793109375 0.8502454984375 0.8413793109375 0.8567921437500001 0.8413793109375 0.8576104750000001 0.9413793109374999 0.8592471359375 0.9465517234374999 0.8576104750000001 0.9482758625000001 0.8338788875 0.9413793109374999 0.8306055640625001 0.915517240625 0.8289689031249999 0.8982758625 0.8289689031249999