0 0.8162895921875 0.388489209375 0.8090497734375001 0.39568345312500003 0.8090497734375001 0.4076738609375 0.815384615625 0.4172661875 0.81176470625 0.42446043125 0.8162895921875 0.4388489203125 0.8171945703124999 0.4556354921875 0.8135746609375 0.4724220625 0.8271493218750001 0.503597121875 0.8289592765625 0.5251798562500001 0.8488687781250001 0.5323741 0.8814479640625 0.5323741 0.8923076921875 0.5251798562500001 0.886877828125 0.52038369375 0.8923076921875 0.5083932859375 0.8895927609375001 0.49640287812499995 0.898642534375 0.4844124703125 0.9013574656250001 0.45803357343749995 0.898642534375 0.4340527578125 0.9004524890625 0.3237410078125 0.895022625 0.3117506 0.8742081453124999 0.30935251875 0.8506787328125001 0.2805755390625 0.8361990953125 0.2805755390625 0.82624434375 0.26858513125 0.8108597281250001 0.26618705 0.8099547515625 0.26618705 0.8054298640625 0.285371703125 0.8045248875000001 0.3333333328125 0.808144796875 0.36450839375 0.8063348421875001 0.388489209375 0.8135746609375 0.38129496406249996 0.8162895921875 0.388489209375
0 0.796380090625 0.5923261390625 0.7972850671875 0.5659472421875 0.784615384375 0.49160671406249995 0.7800904984375 0.41486810625 0.7746606328125 0.3836930453125 0.772850678125 0.3836930453125 0.742986425 0.446043165625 0.7221719453125 0.5107913671875 0.7348416296875 0.6115107906249999 0.7529411765625 0.6139088734375 0.7837104078125 0.604316546875 0.796380090625 0.5923261390625
0 0.5484162890625 0.446043165625 0.551131221875 0.4076738609375 0.555656109375 0.4028776984375 0.5538461531250001 0.4100719421875 0.558371040625 0.41486810625 0.5565610859375 0.42685851250000006 0.5638009046875 0.42685851250000006 0.5610859734375 0.42206235000000003 0.562895928125 0.4100719421875 0.5601809953125 0.4028776984375 0.5601809953125 0.37649880156250004 0.5538461531250001 0.37649880156250004 0.5574660640625 0.3717026375 0.5457013578125001 0.347721821875 0.5411764703124999 0.3237410078125 0.5330316734375 0.3117506 0.532126696875 0.294964028125 0.513122171875 0.26858513125 0.513122171875 0.26618705 0.5095022625000001 0.27098321406250003 0.5076923078125 0.285371703125 0.5031674203125001 0.4892086328125 0.520361990625 0.49640287812499995 0.5493212671875 0.494004796875 0.5484162890625 0.446043165625
0 0.5719457015625 0.4628297359375 0.5683257921875 0.446043165625 0.57375565625 0.42685851250000006 0.5719457015625 0.4028776984375 0.55927601875 0.36930455625 0.5538461531250001 0.36450839375 0.5529411765625001 0.3621103125 0.55022624375 0.38129496406249996 0.5475113125 0.494004796875 0.5565610859375 0.501199040625 0.5837104078124999 0.501199040625 0.5800904984375 0.477218225 0.5719457015625 0.4628297359375
0 0.6334841625000001 0.3860911265625 0.6316742078125 0.34292565937499997 0.6361990953125 0.3045563546875 0.622624434375 0.29256594687500004 0.5963800906250001 0.285371703125 0.572850678125 0.290167865625 0.5746606328125 0.28297362187499997 0.570135746875 0.2805755390625 0.56923076875 0.27098321406250003 0.5764705875 0.26618705 0.5791855203125 0.2781774578125 0.5873303171875001 0.2733812953125 0.5837104078124999 0.26858513125 0.5837104078124999 0.25899280625 0.5800904984375 0.26618705 0.5683257921875 0.2613908875 0.5683257921875 0.2805755390625 0.562895928125 0.31414868125 0.58823529375 0.3860911265625 0.5954751125 0.393285371875 0.6334841625000001 0.3860911265625
0 0.591855203125 0.7266187046875 0.5954751125 0.7386091125 0.599095021875 0.73621103125 0.608144796875 0.712230215625 0.6063348421875 0.7026378890625 0.610859728125 0.7002398078125001 0.60723981875 0.69064748125 0.610859728125 0.6834532375 0.60723981875 0.57793765 0.591855203125 0.522781775 0.5601809953125 0.5155875296875 0.5601809953125 0.5131894484374999 0.558371040625 0.5347721828124999 0.562895928125 0.6282973625 0.572850678125 0.6378896875 0.5828054296875 0.68105515625 0.591855203125 0.69064748125 0.591855203125 0.7266187046875
0 0.5936651578125 0.9280575546875 0.6 0.9280575546875 0.6045248875 0.9184652281250001 0.610859728125 0.870503596875 0.6126696828125 0.7841726625 0.599095021875 0.7553956828125 0.5846153843749999 0.7505995203125 0.5800904984375 0.7505995203125 0.5574660640625 0.7721822546875 0.555656109375 0.788968825 0.5601809953125 0.8489208640625 0.5647058828125 0.8752997609375001 0.5800904984375 0.9112709828125001 0.5936651578125 0.9280575546875
0 0.5420814484375 0.7529976015625001 0.5303167421875 0.7482014390625 0.5253393671875 0.7482014390625 0.5067873296875 0.7505995203125 0.5040723984375 0.7721822546875 0.505882353125 0.8129496406250001 0.51402715 0.817745803125 0.5420814484375 0.78657074375 0.5420814484375 0.7529976015625001
0 0.46696832656250004 0.8489208640625 0.45701357500000006 0.7505995203125 0.44796380156250004 0.7458033578125 0.4434389140625 0.7458033578125 0.4352941171875 0.7482014390625 0.43891402656249995 0.8225419671875001 0.44977375625000005 0.8609112703124999 0.45972850625 0.870503596875 0.4660633484375 0.8609112703124999 0.46696832656250004 0.8489208640625
0 0.317647059375 0.4844124703125 0.3746606328125 0.4892086328125 0.372850678125 0.44364508437500005 0.3565610859375 0.42685851250000006 0.32126696875 0.42685851250000006 0.31945701406250004 0.41486810625 0.31493212656249997 0.4100719421875 0.3185520359375 0.4076738609375 0.31402715 0.4076738609375 0.31583710468750004 0.44364508437500005 0.304977375 0.4628297359375 0.3067873296875 0.4676259 0.31493212656249997 0.45803357343749995 0.31945701406250004 0.4724220625 0.317647059375 0.4844124703125
0 0.2389140265625 0.290167865625 0.24977375624999998 0.27098321406250003 0.2434389140625 0.1966426859375 0.23167420781249998 0.11510791406250001 0.22805429843749997 0.10551558750000001 0.2208144796875 0.10551558750000001 0.18823529375 0.11750599531249999 0.1828054296875 0.129496403125 0.18552036249999998 0.184652278125 0.184615384375 0.2517985609375 0.18823529375 0.287769784375 0.2389140265625 0.290167865625
0 0.29773755625 0.49640287812499995 0.298642534375 0.4844124703125 0.3095022625 0.4604316546875 0.31583710468750004 0.4676259 0.31221719531250003 0.477218225 0.317647059375 0.48201438906250005 0.32126696875 0.4388489203125 0.327601809375 0.4340527578125 0.3185520359375 0.388489209375 0.305882353125 0.36930455625 0.3004524890625 0.36930455625 0.2895927609375 0.36930455625 0.275113121875 0.38129496406249996 0.2841628953125 0.47002398124999994 0.2877828046875 0.48201438906250005 0.2959276015625 0.4844124703125 0.29773755625 0.49640287812499995
0 0.27149321249999997 0.37649880156250004 0.2904977375 0.36930455625 0.275113121875 0.3117506 0.263348415625 0.29256594687500004 0.260633484375 0.29256594687500004 0.27149321249999997 0.37649880156250004
0 0.1647058828125 0.659472421875 0.1610859734375 0.7314148687500001 0.14389140312499998 0.8537170265625 0.151131221875 0.8633093531249999 0.153846153125 0.8633093531249999 0.1565610859375 0.83693045625 0.16923076875 0.817745803125 0.177375565625 0.7937649875 0.17828054375 0.7458033578125 0.180995475 0.73381295 0.17375565625 0.73381295 0.1719457015625 0.7266187046875 0.1755656109375 0.6762589921875 0.17375565625 0.6498800953125 0.177375565625 0.6163069546875 0.17375565625 0.6187050359375 0.17104072343750001 0.609112709375 0.16923076875 0.609112709375 0.170135746875 0.6211031171875 0.165610859375 0.6282973625 0.1683257921875 0.6330935249999999 0.165610859375 0.6450839328125 0.170135746875 0.652278178125 0.1647058828125 0.659472421875
0 0.1457013578125 0.6690647484375 0.15475113125 0.6714628296875 0.16199095 0.652278178125 0.165610859375 0.5443645078125 0.15837104062500001 0.5179856109375 0.15022624375 0.5107913671875 0.1493212671875 0.5107913671875 0.1493212671875 0.52038369375 0.15475113125 0.5347721828124999 0.1457013578125 0.5323741 0.142986425 0.5443645078125 0.139366515625 0.652278178125 0.1457013578125 0.6690647484375
0 0.10950226249999999 0.8489208640625 0.10769230781250001 0.8345323734375001 0.0669683265625 0.8225419671875001 0.063348415625 0.8225419671875001 0.053393665624999996 0.8321342921875001 0.04977375625 0.8441247000000001 0.053393665624999996 0.8633093531249999 0.09140271562499999 0.8896882500000001 0.1067873296875 0.8776978421875 0.10950226249999999 0.8489208640625
0 0.1447963796875 0.8129496406250001 0.1221719453125 0.8033573140625 0.1149321265625 0.8033573140625 0.11040723906250001 0.8297362109374999 0.11040723906250001 0.8537170265625 0.1266968328125 0.8872901671875001 0.13574660624999998 0.8896882500000001 0.14389140312499998 0.8417266187499999 0.1447963796875 0.8129496406250001
0 0.14389140312499998 0.4628297359375 0.1384615390625 0.44364508437500005 0.1194570140625 0.4364508390625 0.11131221718749999 0.4364508390625 0.10769230781250001 0.44364508437500005 0.104977375 0.4892086328125 0.12126696875000001 0.5323741 0.117647059375 0.6139088734375 0.1384615390625 0.6211031171875 0.14389140312499998 0.4628297359375
0 0.06425339375 0.760191846875 0.0615384609375 0.7266187046875 0.021719456249999998 0.7218225421875 0.017194570312499997 0.7218225421875 0.01176470625 0.7242206234374999 0.0135746609375 0.7769784171875 0.0361990953125 0.8009592328125 0.051583710937500006 0.8009592328125 0.05972850625 0.788968825 0.06425339375 0.760191846875