0 0.2299509 0.32931034531250003 0.24140752812500002 0.287931034375 0.2405891984375 0.260344828125 0.237315875 0.24482758593749998 0.2127659578125 0.21551724062500002 0.1923076921875 0.213793103125 0.18166939375 0.2327586203125 0.178396071875 0.26551724062500004 0.178396071875 0.31034482812499997 0.1759410796875 0.336206896875 0.1726677578125 0.34482758593749996 0.17348608906250002 0.3965517234375 0.1775777421875 0.40344827656250004 0.182487725 0.4 0.20621931249999997 0.413793103125 0.2127659578125 0.4293103453125 0.21358428749999997 0.4310344828125 0.2168576109375 0.42758620625 0.2168576109375 0.4172413796875 0.22585924687499997 0.42413793125000004 0.22585924687499997 0.389655171875 0.2299509 0.37758620625 0.2299509 0.32931034531250003
0 0.12684124375 0.22413793124999998 0.12356792187500001 0.20517241406250003 0.10556464843749999 0.17758620625 0.102291325 0.1568965515625 0.09165302812500001 0.15517241406249999 0.087561375 0.1482758625 0.08592471406249999 0.13103448281250002 0.08183306093750001 0.12241379375000001 0.0769230765625 0.0948275859375 0.0654664484375 0.0965517234375 0.0425531921875 0.065517240625 0.0180032734375 0.065517240625 0.013911620312500001 0.07758620625 0.0065466453125 0.07413793125 0.0008183312499999999 0.0827586203125 0.009001635937499999 0.1051724140625 0.012274959375 0.137931034375 0.028641571875 0.1568965515625 0.0400982 0.1827586203125 0.05155482812499999 0.23965517187500002 0.07937806875 0.284482759375 0.0965630109375 0.3206896546875 0.099836334375 0.32758620625 0.10310965624999999 0.3189655171875 0.12684124375 0.312068965625 0.1260229125 0.27586206875 0.1284779046875 0.27241379375 0.1252045828125 0.24827586250000003 0.12684124375 0.22413793124999998
0 0.16284779062500002 0.31551724062500003 0.1693944359375 0.2672413796875 0.1726677578125 0.263793103125 0.1726677578125 0.2534482765625 0.1775777421875 0.2465517234375 0.17512275 0.23965517187500002 0.178396071875 0.2293103453125 0.1767594109375 0.22241379375 0.170212765625 0.21724137968749999 0.146481178125 0.21896551718750001 0.139116203125 0.2586206890625 0.130932896875 0.2706896546875 0.1292962359375 0.2827586203125 0.1284779046875 0.3206896546875 0.13338788906250001 0.4068965515625 0.138297871875 0.415517240625 0.15302782343750002 0.42413793125000004 0.1571194765625 0.42413793125000004 0.1718494265625 0.42241379375 0.17430441875 0.4172413796875 0.1718494265625 0.3948275859375 0.1718494265625 0.339655171875 0.1653027828125 0.3310344828125 0.16284779062500002 0.31551724062500003
0 0.13993453281249998 0.0793103453125 0.13420621875 0.11206896562499999 0.1481178390625 0.13103448281250002 0.1526186578125 0.13103448281250002 0.1661211125 0.13103448281250002 0.170212765625 0.12413793125000001 0.170212765625 0.031034482812500003 0.146481178125 0.027586206250000002 0.1415711953125 0.039655171875 0.13993453281249998 0.0793103453125
0 0.26759410781250004 0.065517240625 0.26923076875 0.0793103453125 0.297054009375 0.0827586203125 0.3022367703125 0.0827586203125 0.32651391093750004 0.07758620625 0.3281505734375 0.0689655171875 0.3158756140625 0.0327586203125 0.27986906718750004 0.0327586203125 0.2700491 0.039655171875 0.26759410781250004 0.065517240625
0 0.425531915625 0.08448275937500001 0.40425531875000004 0.0982758625 0.40507365 0.1068965515625 0.41080196406249997 0.1172413796875 0.4116202953125 0.15 0.4189852703125 0.1827586203125 0.43698854374999996 0.1672413796875 0.45417348593750007 0.189655171875 0.4582651390625 0.189655171875 0.46644844531249996 0.17758620625 0.46399345312499995 0.162068965625 0.4656301140625 0.12241379375000001 0.4590834703125 0.0982758625 0.44026186562499997 0.0810344828125 0.425531915625 0.08448275937500001
0 0.34206219375 0.4310344828125 0.3314238953125 0.4293103453125 0.329787234375 0.4413793109375 0.33306055625000003 0.52586206875 0.35024549843749997 0.55 0.37234042500000003 0.5672413796875 0.377250409375 0.5672413796875 0.3813420625 0.5517241375 0.3821603921875 0.5293103453125 0.3813420625 0.4517241375 0.368248771875 0.42758620625 0.346153846875 0.42413793125000004 0.34206219375 0.4310344828125
0 0.3346972171875 0.5327586203125 0.30360065468749997 0.5 0.29950900156250004 0.5017241375 0.2954173484375 0.4913793109375 0.2831423890625 0.486206896875 0.27986906718750004 0.47758620625 0.256955809375 0.465517240625 0.2528641578125 0.46896551718749996 0.25531914843750003 0.5586206890625001 0.2700491 0.5931034484375 0.2757774140625 0.5982758625 0.3346972171875 0.6051724140625 0.3355155484375 0.6051724140625 0.377250409375 0.6034482765625 0.3797054015625 0.587931034375 0.3739770875 0.565517240625 0.3625204578125 0.562068965625 0.34206219375 0.534482759375 0.3346972171875 0.5327586203125
0 0.273322421875 0.365517240625 0.27905073593749996 0.365517240625 0.27986906718750004 0.35 0.26186579375 0.35 0.2561374796875 0.3551724140625 0.25531914843750003 0.4568965515625 0.26759410781250004 0.465517240625 0.2708674296875 0.465517240625 0.27905073593749996 0.4568965515625 0.27905073593749996 0.3827586203125 0.2700491 0.3793103453125 0.26677577812500003 0.362068965625 0.274140753125 0.360344828125 0.273322421875 0.365517240625
0 0.210310965625 0.5120689656249999 0.2193126015625 0.52758620625 0.2299509 0.5310344828125 0.23404255312500002 0.5310344828125 0.2512274953125 0.5172413796875001 0.2512274953125 0.4672413796875 0.2487725046875 0.46034482812500005 0.2168576109375 0.4413793109375 0.210310965625 0.4793103453125 0.210310965625 0.5120689656249999
0 0.3477905078125 0.67241379375 0.357610475 0.6706896546875 0.3600654671875 0.6534482765625 0.3674304421875 0.6534482765625 0.37152209531249997 0.6689655171875 0.377250409375 0.67586206875 0.3797054015625 0.6672413796875001 0.38052373125 0.6086206890625 0.3747954171875 0.6034482765625 0.3477905078125 0.6034482765625 0.3396072015625 0.6086206890625 0.31096562968749997 0.6034482765625 0.30687397656250004 0.612068965625 0.305237315625 0.6034482765625 0.289689034375 0.6051724140625 0.2937806875 0.6793103453125 0.29950900156250004 0.6896551718749999 0.3281505734375 0.6948275859375 0.33060556406249997 0.6948275859375 0.3338788875 0.6931034484375 0.33306055625000003 0.687931034375 0.34206219375 0.6896551718749999 0.346153846875 0.6793103453125 0.34942716875 0.6793103453125 0.3477905078125 0.67241379375
0 0.44026186562499997 0.6534482765625 0.415711946875 0.6517241375 0.40507365 0.6431034484375 0.40016366562499994 0.6465517234375 0.38952536875 0.6413793109375 0.39116202968749997 0.6327586203125 0.3960720125 0.6310344828125001 0.39198035937500003 0.62758620625 0.39770867499999996 0.62413793125 0.39198035937500003 0.62241379375 0.38379705468749997 0.6310344828125001 0.3829787234375 0.6534482765625 0.3862520453125 0.6672413796875001 0.3829787234375 0.6706896546875 0.3813420625 0.6827586203125 0.3813420625 0.77758620625 0.384615384375 0.789655171875 0.40098199687499997 0.789655171875 0.40343698906250003 0.7931034484375 0.39689034375 0.7948275859375 0.40098199687499997 0.7965517234374999 0.40507365 0.7965517234374999 0.4067103109375 0.7913793109375 0.45171849374999995 0.7913793109375 0.45417348593750007 0.7293103453125 0.452536825 0.7086206890625 0.447626840625 0.6948275859375 0.44026186562499997 0.6534482765625
0 0.591653028125 0.6465517234375 0.587561375 0.6413793109375 0.5851063828124999 0.6465517234375 0.5826513906249999 0.713793103125 0.584288053125 0.7206896546875 0.5883797046875 0.72241379375 0.5891980359375 0.72241379375 0.6088379703125 0.7189655171875 0.61047463125 0.713793103125 0.608019640625 0.62241379375 0.6039279875 0.62241379375 0.5965630109375 0.6448275859375 0.591653028125 0.6465517234375
0 0.7675941078124999 0.3534482765625 0.7716857609375001 0.35 0.76923076875 0.3465517234375 0.7708674296875 0.3431034484375 0.7635024546875 0.32758620625 0.765957446875 0.3189655171875 0.7635024546875 0.312068965625 0.7471358421875001 0.32241379375 0.7356792140625 0.34482758593749996 0.7291325703125 0.35 0.7291325703125 0.362068965625 0.7127659578125 0.42068965468749997 0.7201309328125001 0.4293103453125 0.7536824875 0.4293103453125 0.758592471875 0.4293103453125 0.78477905 0.42758620625 0.7872340421875 0.42241379375 0.7872340421875 0.384482759375 0.78477905 0.3706896546875 0.7700491 0.365517240625 0.7675941078124999 0.3534482765625
0 0.8707037640624999 0.312068965625 0.8625204578125001 0.334482759375 0.8551554828124999 0.38103448281249996 0.8551554828124999 0.415517240625 0.8584288046875 0.4310344828125 0.8625204578125001 0.4310344828125 0.9058919796874999 0.42758620625 0.9214402625 0.38103448281249996 0.9230769234375 0.35 0.9181669390625 0.3465517234375 0.90507365 0.313793103125 0.8707037640624999 0.312068965625
0 0.9770867437499999 0.184482759375 0.9770867437499999 0.1431034484375 0.9746317515625 0.137931034375 0.967266775 0.137931034375 0.956628478125 0.15 0.9509001640625 0.160344828125 0.947626840625 0.17758620625 0.94517185 0.2965517234375 0.948445171875 0.389655171875 0.9525368249999999 0.389655171875 0.980360065625 0.387931034375 0.9860883796875 0.3827586203125 0.9893617015625 0.32931034531250003 0.9893617015625 0.27241379375 0.9869067109375 0.23965517187500002 0.9770867437499999 0.184482759375
0 0.8289689031249999 0.1017241375 0.8338788875 0.11206896562499999 0.8338788875 0.12586206875 0.8502454984375 0.1586206890625 0.8567921437500001 0.1586206890625 0.8576104750000001 0.1586206890625 0.8592471359375 0.058620689062499995 0.8576104750000001 0.053448276562499994 0.8338788875 0.0517241375 0.8306055640625001 0.058620689062499995 0.8289689031249999 0.08448275937500001 0.8289689031249999 0.1017241375