0 0.651898734375 0.824966078125 0.6624472578125 0.81818181875 0.65611814375 0.8141112625 0.6540084390625001 0.7991858890625 0.668776371875 0.7951153328125 0.6708860765625 0.7774762546875 0.5168776375 0.7896879234374999 0.5168776375 0.796472184375 0.5316455703125 0.8846675718749999 0.54852320625 0.8900949796875001 0.6160337546875 0.8900949796875001 0.6160337546875 0.8385346 0.6308016875 0.8276797828125 0.651898734375 0.824966078125
0 0.4978902953125 0.8738127546875001 0.5 0.8276797828125 0.5105485234375 0.8141112625 0.50843881875 0.7937584796875 0.32067510625 0.792401628125 0.32067510625 0.800542740625 0.33755274218750003 0.808683853125 0.396624471875 0.8113975578125 0.4240506328125 0.8236092265625 0.45358649843750004 0.824966078125 0.4767932484375 0.8738127546875001 0.4978902953125 0.8738127546875001
0 0.373417721875 0.7666214375 0.4324894515625 0.7706919953125 0.45358649843750004 0.7611940296874999 0.47257383906249995 0.759837178125 0.49367088593749997 0.7693351421875 0.5021097046875 0.7611940296874999 0.5 0.7435549531250001 0.4493670890625 0.7340569875 0.3143459921875 0.72998643125 0.2932489453125 0.7421981 0.2679324890625 0.7354138406249999 0.2552742609375 0.7367706921875 0.2552742609375 0.7440072359375 0.2552742609375 0.780189959375 0.265822784375 0.788331071875 0.2890295359375 0.7910447765625 0.36075949375 0.7896879234374999 0.3628691984375 0.7734056984375 0.373417721875 0.7666214375
0 0.6708860765625 0.7014925375 0.6877637125 0.70963365 0.6983122359375 0.6757123468749999 0.700421940625 0.626865671875 0.691983121875 0.6200814109375 0.6708860765625 0.61736770625 0.651898734375 0.60922659375 0.6202531640625 0.622795115625 0.56540084375 0.635006784375 0.487341771875 0.663500678125 0.4767932484375 0.663500678125 0.47046413437499995 0.6580732703125001 0.46624472499999997 0.6824966078125 0.46624472499999997 0.6838534593750001 0.4767932484375 0.71370420625 0.49367088593749997 0.7191316140625 0.54852320625 0.693351425 0.651898734375 0.6662143828125 0.65611814375 0.6852103125 0.6708860765625 0.7014925375
0 0.8016877640625 0.6947082765625 0.8291139234375 0.6879240156249999 0.864978903125 0.6865671640625 0.86075949375 0.6567164171875 0.8502109703125 0.647218453125 0.8375527421875001 0.647218453125 0.80379746875 0.6363636359375 0.7109704640625 0.6255088203125 0.7025316453125 0.6295793765625 0.700421940625 0.6458616015625 0.700421940625 0.6485753046875 0.7067510546875 0.70556309375 0.7510548515625 0.7042062421875 0.7594936703124999 0.6987788328125 0.757383965625 0.6947082765625 0.7805907171875 0.6852103125 0.8016877640625 0.6947082765625
0 0.38607595 0.5142469468749999 0.3628691984375 0.5128900953125 0.36075949375 0.51967435625 0.32489451406250003 0.526458615625 0.3143459921875 0.531886025 0.2932489453125 0.5576662140625 0.2932489453125 0.5590230671875001 0.30379746875 0.590230665625 0.31645569687499997 0.598371778125 0.43459915625 0.5970149250000001 0.4324894515625 0.5047489828125 0.40717299531249995 0.506105834375 0.38607595 0.5142469468749999
0 0.23628692031249998 0.5671641796875 0.25316455625 0.5454545453125 0.2194092828125 0.5495251015625 0.18776371249999999 0.5617367703125 0.1898734171875 0.610583446875 0.18776371249999999 0.6119402984375 0.191983121875 0.630936228125 0.2194092828125 0.635006784375 0.2552742609375 0.6322930796875 0.25949367031250004 0.5834464046875001 0.25316455625 0.5725915875 0.23628692031249998 0.5671641796875
0 0.22995780625 0.6363636359375 0.2151898734375 0.6417910453125 0.20464135 0.655359565625 0.20464135 0.69742198125 0.20464135 0.7001356859375 0.24894514843749999 0.7082767984375 0.2805907171875 0.7028493890624999 0.2890295359375 0.6879240156249999 0.2848101265625 0.6540027140625 0.2552742609375 0.6363636359375 0.22995780625 0.6363636359375
0 0.50843881875 0.4789687921875 0.5232067515625001 0.4599728625 0.5232067515625001 0.43962008125 0.5063291140625 0.43012211718750004 0.5063291140625 0.4179104484375 0.5126582281250001 0.4124830390625 0.40717299531249995 0.4124830390625 0.396624471875 0.4206241515625 0.396624471875 0.4328358203125 0.3881856546875 0.43690637656250003 0.3987341765625 0.43962008125 0.396624471875 0.4667571234375 0.3881856546875 0.473541384375 0.38185654062499996 0.47218453125000004 0.38185654062499996 0.47489823593749997 0.4198312234375 0.47489823593749997 0.430379746875 0.4789687921875 0.487341771875 0.47489823593749997 0.49156118125 0.48303934843749996 0.504219409375 0.47082767968750006 0.50843881875 0.4789687921875
0 0.45147679375000005 0.4084124828125 0.5189873421875 0.4043419265625 0.521097046875 0.32835820937500004 0.5 0.32700135625 0.49367088593749997 0.320217096875 0.44092827031250004 0.32700135625 0.37974683593749997 0.3215739484375 0.373417721875 0.32700135625 0.373417721875 0.33446404375 0.37552742656250004 0.3595658078125 0.4092827 0.360922659375 0.413502109375 0.3962008140625 0.43459915625 0.393487109375 0.438818565625 0.4043419265625 0.45147679375000005 0.4084124828125
0 0.4852320671875 0.1533242875 0.48312236249999996 0.1302578015625 0.43459915625 0.12890095 0.4198312234375 0.1356852109375 0.4113924046875 0.1614654 0.4113924046875 0.16553595625 0.44092827031250004 0.17367706875 0.4451476796875 0.17910447812500002 0.52531645625 0.1804613296875 0.5337552750000001 0.1587516953125 0.5274261609375 0.1533242875 0.4852320671875 0.1533242875
0 0.5464135015625 0.43147896875 0.5527426156249999 0.4341926734375 0.58227848125 0.4138398921875 0.58227848125 0.4084124828125 0.5675105484375 0.4124830390625 0.54852320625 0.43012211718750004 0.5464135015625 0.43147896875
0 0.7320675109375 0.3704206234375 0.7046413499999999 0.3636363640625 0.691983121875 0.3554952515625 0.677215190625 0.35820895468749997 0.6898734171875 0.3839891453125 0.67299578125 0.43962008125 0.67299578125 0.44369063750000004 0.7362869203125 0.4328358203125 0.7594936703124999 0.42333785625000003 0.765822784375 0.4138398921875 0.761603375 0.39891451875 0.742616034375 0.397557665625 0.7320675109375 0.3704206234375
0 0.6497890296875 0.45183175000000003 0.6708860765625 0.44233378593749995 0.6540084390625001 0.4206241515625 0.6497890296875 0.3636363640625 0.626582278125 0.364993215625 0.5991561187500001 0.3758480328125 0.5970464140625 0.38263229375 0.6075949359374999 0.3948439625 0.5886075953125001 0.405698778125 0.5886075953125001 0.40705563125 0.5907173 0.42333785625000003 0.6054852328125 0.43690637656250003 0.6054852328125 0.44369063750000004 0.6329113921875 0.43962008125 0.6371308015625 0.44776119375 0.6497890296875 0.45183175000000003
0 0.9978902953125001 0.348710990625 0.9978902953125001 0.31478968749999997 0.9599156125 0.33514246875000003 0.955696203125 0.34464043437499997 0.9535864984375 0.3459972859375 0.9978902953125001 0.348710990625
0 0.9535864984375 0.308005428125 0.9978902953125001 0.2930800546875 0.9978902953125001 0.26187245625 0.978902953125 0.2591587515625 0.938818565625 0.26458615937499996 0.9282700421875001 0.27137042031249997 0.8797468359374999 0.2835820890625 0.8797468359374999 0.29036635 0.9029535859375001 0.356852103125 0.9198312234375001 0.356852103125 0.930379746875 0.3473541390625 0.9198312234375001 0.340569878125 0.9198312234375001 0.32835820937500004 0.9535864984375 0.308005428125
0 0.20886075937499998 0.19267299843750002 0.2194092828125 0.17774762500000002 0.282700421875 0.1587516953125 0.2784810125 0.1275440984375 0.28691983125 0.10719131562499999 0.2679324890625 0.10447761250000001 0.2236286921875 0.112618725 0.1286919828125 0.11668928125 0.11181434531250001 0.123473540625 0.109704640625 0.1506105828125 0.109704640625 0.15739484374999999 0.11392405000000001 0.24423337812499998 0.1329113921875 0.25373134375 0.147679325 0.25373134375 0.16455696250000001 0.240162821875 0.168776371875 0.22252374531250002 0.20886075937499998 0.19267299843750002
0 0.261603375 0.2293080046875 0.261603375 0.26187245625 0.2510548515625 0.2767978296875 0.2194092828125 0.28086838593749996 0.2151898734375 0.28493894218750004 0.2151898734375 0.292062415625 0.2194092828125 0.316146540625 0.2932489453125 0.31478968749999997 0.2974683546875 0.2428765265625 0.291139240625 0.223880596875 0.27004219375 0.223880596875 0.261603375 0.2293080046875
0 0 0.23744911875 0.0147679328125 0.23202170937500002 0.0168776375 0.22252374531250002 0.0274261609375 0.2170963359375 0.04852320625 0.21845318906250002 0.0675105484375 0.21438263281249997 0.10337552812499999 0.22795115312499997 0.1054852328125 0.1533242875 0.094936709375 0.14925373125000002 0.0717299578125 0.14925373125000002 0.061181434374999996 0.1397557671875 0.061181434374999996 0.1261872453125 0.021097046875 0.1370420625 0 0.1383989140625 0 0.1454739296875 0 0.23744911875
0 0 0.115332428125 0.0590717296875 0.10447761250000001 0.11181434531250001 0.10447761250000001 0.126582278125 0.0976933515625 0.135021096875 0.10040705624999999 0.1329113921875 0.10447761250000001 0.13924050625 0.0976933515625 0.16455696250000001 0.10447761250000001 0.17088607656250002 0.1017639078125 0.168776371875 0.094979646875 0.17932489375 0.0963365 0.17932489375 0.10447761250000001 0.1898734171875 0.099050203125 0.2109704640625 0.10447761250000001 0.2784810125 0.10040705624999999 0.2974683546875 0.08819538593750001 0.29535865 0.042062415625 0.28691983125 0.0407055625 0.27637130781249997 0.025780190624999998 0.24261603437499998 0.0176390765625 0.2194092828125 0.02035278125 0.22573839687500002 0.029850746875 0.200421940625 0.033921303125 0.18776371249999999 0.0271370421875 0.1898734171875 0.016282225 0.1814345984375 0.010854817187500001 0.08649789062499999 0.0013568515625 0.033755275 0.0013568515625 0 0.0407055625 0 0.0474898234375 0 0.115332428125
0 0 0.3134328359375 0.0274261609375 0.3134328359375 0.031645570312499996 0.3052917234375 0.0506329109375 0.2971506109375 0.061181434374999996 0.28086838593749996 0.08649789062499999 0.2835820890625 0.0970464140625 0.27272727343750003 0.0970464140625 0.2591587515625 0.08649789062499999 0.252374490625 0 0.2496607875 0 0.2567465703125 0 0.3134328359375