0 0.4737864078125 0.21833534375000002 0.47961165 0.22195416093749998 0.497087378125 0.2207478890625 0.512621359375 0.197828709375 0.5495145625 0.1966224359375 0.56504854375 0.1809408921875 0.56504854375 0.177322075 0.5611650484374999 0.162846803125 0.5533980578125 0.1580217125 0.51456310625 0.156815440625 0.5087378640625 0.177322075 0.4757281546875 0.2002412546875 0.4737864078125 0.21833534375000002
0 0.3941747578125 0.0699638125 0.4504854375 0.065138721875 0.4699029125 0.0470446328125 0.4932038828125 0.04101326875 0.5009708734375 0.03498190625 0.5009708734375 0.030156815625 0.49514563125000005 0.025331725 0.47961165 0.025331725 0.46407767031249997 0.026537996874999997 0.44466019375 0.03498190625 0.40970873750000003 0.036188178125 0.3941747578125 0.0699638125
0 0.667961165625 0.7804583843749999 0.6466019421875 0.8106151984375 0.642718446875 0.8299155609375 0.6233009703125 0.8480096500000001 0.627184465625 0.872135103125 0.6737864078125 0.8745476484375001 0.712621359375 0.8817852828125 0.71456310625 0.868516284375 0.7281553390625 0.858866103125 0.7728155343750001 0.8552472859375 0.780582525 0.8419782874999999 0.8097087374999999 0.837153196875 0.827184465625 0.837153196875 0.8466019421875 0.8455971046874999 0.8699029125 0.833534378125 0.8873786406249999 0.8142340171875 0.8873786406249999 0.8075995171875 0.88543689375 0.796139928125 0.8737864078124999 0.78769601875 0.8310679609375 0.772014475 0.807766990625 0.7587454765625 0.7087378640625001 0.7587454765625 0.667961165625 0.7804583843749999
0 1 0.872135103125 0.9961165046874999 0.811821471875 0.9786407765625 0.8275030156250001 0.9378640781250001 0.8359469234375 0.9067961171875 0.85765983125 0.8970873781250001 0.893848009375 0.88543689375 0.9047044625 0.8310679609375 0.8986731000000001 0.8116504859375 0.9071170078125 0.7902912625 0.9071170078125 0.766990290625 0.922798553125 0.8 0.9240048249999999 0.8213592234375 0.9119420984375 0.8310679609375 0.9119420984375 0.8485436890625 0.9312424609375001 0.8679611656249999 0.9324487328125001 0.8990291265625 0.9179734625 0.9262135921875 0.9179734625 0.9456310671875 0.8926417375 0.9747572812499999 0.8781664656249999 1 0.8781664656249999 1 0.872135103125
0 1 0.48130277499999996 0.9864077671875 0.47768395625000004 0.966990290625 0.48130277499999996 0.9184466015625 0.517490953125 0.87961165 0.5199034984375001 0.8582524265625 0.5343787703125 0.860194175 0.552472859375 0.8970873781250001 0.5633293125 0.8737864078124999 0.57901085625 0.8699029125 0.62967430625 0.87961165 0.63570566875 0.8912621359375 0.634499396875 0.8970873781250001 0.6224366703124999 0.9067961171875 0.6164053078125 0.939805825 0.61037394375 0.9417475734374999 0.6067551265625 0.9262135921875 0.5958986734375 0.9339805828125 0.5862484921875 0.9786407765625 0.6055488546875 1 0.6079614 1 0.55367913125 0.972815534375 0.5657418578125 0.966990290625 0.5452352234375 0.9572815531250001 0.5379975875 0.9436893203125001 0.5355850421875 0.932038834375 0.5392038593749999 0.9223300968749999 0.5355850421875 0.9242718453125001 0.527141134375 0.9514563109375 0.517490953125 0.9611650484375 0.50301568125 0.966990290625 0.50301568125 0.9689320390624999 0.49095295468750005 0.9747572812499999 0.4897466828125 0.9708737859375001 0.48371532031250003 1 0.482509046875 1 0.48130277499999996
0 1 0.6212303984374999 0.9592233015625 0.618817853125 0.92038835 0.63570566875 0.90485436875 0.64897466875 0.8893203890624999 0.653799759375 0.88543689375 0.66103739375 1 0.6574185765625 1 0.6513872140625 1 0.6212303984374999
0 0.35922330156250004 0.6320868515625 0.34757281562500003 0.62364294375 0.28543689375 0.6224366703124999 0.2660194171875 0.634499396875 0.2485436890625 0.650180940625 0.25048543749999996 0.653799759375 0.2407766984375 0.6574185765625 0.2485436890625 0.6658624843750001 0.24466019375 0.669481303125 0.2563106796875 0.67430639375 0.26019417499999997 0.6718938484375 0.2757281546875 0.6815440296874999 0.2757281546875 0.710494571875 0.35922330156250004 0.71170084375 0.36504854375 0.7080820265625001 0.357281553125 0.704463209375 0.363106796875 0.7020506640625 0.3708737859375 0.7032569359374999 0.3786407765625 0.71170084375 0.39611650468750004 0.7129071171875 0.4 0.70566948125 0.40582524218750005 0.7068757546875 0.417475728125 0.700844390625 0.4213592234375 0.6899879375 0.436893203125 0.6851628468750001 0.45436893281249996 0.6586248484375 0.46407767031249997 0.653799759375 0.46407767031249997 0.6513872140625 0.4466019421875 0.6417370328125 0.41165048593750003 0.65500603125 0.3941747578125 0.65500603125 0.38252427187500004 0.6393244874999999 0.37281553437500004 0.633293125 0.35922330156250004 0.6320868515625
0 0.5359223296875 0.6248492156250001 0.5456310671875 0.6224366703124999 0.48737864062499997 0.6224366703124999 0.4757281546875 0.6562123046874999 0.4932038828125 0.6670687578125001 0.48543689375000004 0.6815440296874999 0.4932038828125 0.69963811875 0.5417475734375 0.7032569359374999 0.572815534375 0.6960193 0.5844660187499999 0.6851628468750001 0.5844660187499999 0.6839565734375 0.5747572812499999 0.6586248484375 0.566990290625 0.653799759375 0.5708737859374999 0.650180940625 0.5611650484374999 0.653799759375 0.5359223296875 0.6393244874999999 0.5359223296875 0.6248492156250001
0 0.607766990625 0.670687575 0.633009709375 0.6682750296875 0.633009709375 0.6634499390624999 0.617475728125 0.62364294375 0.6116504859375 0.620024125 0.580582525 0.6212303984374999 0.5689320390625 0.6308805796875 0.580582525 0.66103739375 0.607766990625 0.670687575
0 0.050485437499999994 0.80699638125 0.147572815625 0.8094089265625 0.1883495140625 0.7177322078125 0.1883495140625 0.710494571875 0.1786407765625 0.7080820265625001 0.12038835 0.716525934375 0.08543689374999999 0.729794934375 0.0718446609375 0.7442702046874999 0.0485436890625 0.7985524734375 0.050485437499999994 0.80699638125
0 0.2815533984375 0.837153196875 0.2815533984375 0.862484921875 0.31067961093749996 0.8648974671874999 0.3262135921875 0.8564535578125 0.34757281562500003 0.85765983125 0.357281553125 0.862484921875 0.37475728125 0.8612786484375 0.3766990296875 0.8528347406250001 0.38640776718750003 0.8516284687500001 0.407766990625 0.83835946875 0.407766990625 0.8262967437500001 0.41941747500000004 0.8106151984375 0.41941747500000004 0.80096501875 0.407766990625 0.7949336546875 0.357281553125 0.7840772015625 0.3339805828125 0.8178528343749999 0.32233009687499997 0.8250904703125 0.2932038828125 0.8299155609375 0.2815533984375 0.837153196875
0 0.001941746875 0.5006031359375 0.01553398125 0.5102533171875 0.03495145625 0.5126658625 0.052427184375000005 0.5066345 0.0718446609375 0.5054282265625 0.0932038828125 0.5102533171875 0.10485436875000001 0.523522315625 0.11456310624999999 0.5211097703124999 0.11456310624999999 0.5134700453125001 0.112621359375 0.48009650156249994 0.07961165 0.4583835953125 0.042718446874999996 0.45355850468750003 0.025242718749999997 0.47768395625000004 0.001941746875 0.476477684375 0.001941746875 0.5006031359375
0 0.6504854375 0.279855246875 0.6 0.2870928828125 0.566990290625 0.3063932453125 0.566990290625 0.3160434265625 0.5980582531249999 0.3365500609375 0.6038834953125 0.35464415 0.619417475 0.36308805781250003 0.6466019421875 0.3691194203125 0.68543689375 0.3679131484375 0.7106796109375 0.36308805781250003 0.72038835 0.3679131484375 0.712621359375 0.379975875 0.722330096875 0.3860072375 0.7359223296875 0.3872135109375 0.7766990296875 0.384800965625 0.78446601875 0.3787696015625 0.8038834953125 0.355850421875 0.8058252421875001 0.346200240625 0.8233009703124999 0.334137515625 0.8058252421875001 0.31363088125 0.8233009703124999 0.308805790625 0.8233009703124999 0.3063932453125 0.8135922328125 0.3015681546875 0.8135922328125 0.27864897499999997 0.8038834953125 0.2653799765625 0.78446601875 0.2557297953125 0.6640776703125 0.264173703125 0.6504854375 0.279855246875
0 0.8213592234375 0.3570566953125 0.8233009703124999 0.3474065140625 0.7961165046875001 0.371531965625 0.798058253125 0.38118214687499996 0.8058252421875001 0.3775633296875 0.817475728125 0.384800965625 0.83495145625 0.384800965625 0.84466019375 0.379975875 0.84466019375 0.37635705625 0.836893203125 0.3727382390625 0.8407766984375 0.3691194203125 0.83495145625 0.359469240625 0.8310679609375 0.3570566953125 0.827184465625 0.36067551249999996 0.8213592234375 0.3570566953125
0 1 0.2907117015625 0.9902912625000001 0.2810615203125 0.9844660187500001 0.25814234062499997 0.9766990296875001 0.25331725 0.9553398062499999 0.254523521875 0.9087378640624999 0.295536790625 0.8970873781250001 0.2931242453125 0.8932038828125 0.2967430640625 0.8873786406249999 0.289505428125 0.84466019375 0.320868515625 0.8388349515625 0.3353437875 0.8543689328124999 0.3413751515625 0.8388349515625 0.35343787656250003 0.8485436890625 0.3570566953125 0.852427184375 0.3823884203125 0.8660194171875 0.384800965625 0.8834951453125001 0.3787696015625 0.8970873781250001 0.3787696015625 0.9106796109375 0.38359469218750003 0.9359223296874999 0.384800965625 0.9611650484375 0.3823884203125 0.9747572812499999 0.37394451093750003 1 0.3823884203125 1 0.3437876953125 0.9844660187500001 0.3377563328125 0.9864077671875 0.334137515625 1 0.334137515625 1 0.327933828125 1 0.2907117015625
0 1 0.16767189375 0.972815534375 0.1652593484375 0.9495145624999999 0.1580217125 0.9145631062499999 0.17129071093749998 0.9009708734374999 0.17129071093749998 0.8912621359375 0.1640530765625 0.8932038828125 0.1387213515625 0.8815533984374999 0.1254523515625 0.860194175 0.1326899875 0.8291262140625 0.131483715625 0.8291262140625 0.156815440625 0.84466019375 0.16164053125 0.852427184375 0.16887816718749998 0.8582524265625 0.20144752656249998 0.9300970875000001 0.1942098921875 0.9339805828125 0.1797346203125 0.9533980578125 0.17370325625 0.9611650484375 0.1797346203125 0.9592233015625 0.2002412546875 0.9689320390624999 0.2159227984375 0.9825242718749999 0.213510253125 0.9902912625000001 0.2026538 1 0.2026538 1 0.19565741875 1 0.16767189375