0 0.37912087968749997 0 0.3758241765625 0.0264227640625 0.36923076875 0.044715446874999995 0.34945054999999997 0.0467479671875 0.34395604375 0.0630081296875 0.3428571421875 0.1077235765625 0.3582417578125 0.14430894375 0.3626373625 0.1666666671875 0.3428571421875 0.1910569109375 0.3428571421875 0.3313008125 0.34505494531249997 0.335365853125 0.3571428578125 0.32520325156249996 0.37032967031249997 0.294715446875 0.3758241765625 0.302845528125 0.3758241765625 0.3170731703125 0.36813186875000004 0.351626015625 0.37032967031249997 0.3658536578125 0.34395604375 0.3922764234375 0.340659340625 0.430894309375 0.3428571421875 0.43902439062500004 0.43186813125 0.44512195156249995 0.4362637359375 0.43699187031250003 0.447252746875 0.347560975 0.447252746875 0.2804878046875 0.43186813125 0.2113821140625 0.4175824171875 0.172764228125 0.4208791203125 0.1300813015625 0.41868131875000003 0.0813008125 0.42197802187500005 0.0792682921875 0.42417582343750004 0.085365853125 0.4263736265625 0.077235771875 0.4351648359375 0.0813008125 0.4362637359375 0.07317073125 0.44395604375 0.07520325156249999 0.44395604375 0.05691056875 0.4384615390625 0.0508130078125 0.45384615312500004 0.0386178859375 0.44395604375 0.0386178859375 0.440659340625 0.032520325 0.446153846875 0.024390243750000002 0.45164835156249994 0.030487804687499998 0.45494505468749996 0.00813008125 0.45384615312500004 0 0.4483516484375 0 0.44395604375 0.0101626015625 0.43956043906250003 0.0060975609375000005 0.440659340625 0 0.4208791203125 0 0.41978022031249995 0.00813008125 0.4076923078125 0.020325203125 0.4043956046875 0 0.3980769234375 0 0.37912087968749997 0
0 0.3571428578125 0.5589430890625 0.35604395625 0.5670731703125 0.36593406562499997 0.6036585359375 0.3956043953125 0.60569105625 0.3989010984375 0.5873983734375 0.4076923078125 0.5833333328125 0.4164835171875 0.5670731703125 0.428571428125 0.5060975609375 0.37472527499999997 0.5 0.37032967031249997 0.5 0.3626373625 0.504065040625 0.3626373625 0.5264227640625 0.36923076875 0.5508130078125 0.3571428578125 0.5589430890625
0 0.608791209375 0.7113821140625001 0.6329670328125 0.7560975609375 0.6769230765625001 0.7642276421875 0.69340659375 0.7357723578125 0.7010989015625 0.6788617890624999 0.7 0.6239837390625 0.678021978125 0.62195121875 0.6769230765625001 0.6199186984375 0.6351648359375 0.6239837390625 0.6175824171875 0.66056910625 0.609890109375 0.6910569109375 0.608791209375 0.7113821140625001
0 0.53186813125 0.8638211374999999 0.5373626375 0.902439025 0.5362637359375 0.9613821140625 0.540659340625 0.9674796750000001 0.5538461531250001 0.9654471546875 0.5758241765625 0.9329268296875 0.5791208796875 0.8516260156250001 0.578021978125 0.6707317078125 0.572252746875 0.6707317078125 0.528571428125 0.6727642281249999 0.5241758234375 0.680894309375 0.5241758234375 0.8414634140624999 0.53186813125 0.8638211374999999
0 0.4703296703125 0.6991869921875 0.4879120875 0.68495935 0.50549450625 0.656504065625 0.5021978015624999 0.62195121875 0.4824175828125 0.617886178125 0.4769230765625 0.617886178125 0.4582417578125 0.632113821875 0.459340659375 0.7154471546875001 0.46593406562500006 0.7134146343750001 0.4703296703125 0.6991869921875
0 0.440659340625 0.93495935 0.45384615312500004 0.914634146875 0.45494505468749996 0.8841463421875 0.45164835156249994 0.8699186984375 0.4230769234375 0.8211382109375001 0.40659340625 0.827235771875 0.39450549375 0.8170731703125 0.37032967031249997 0.8170731703125 0.3648351640625 0.8170731703125 0.35604395625 0.8211382109375001 0.34395604375 0.8455284546874999 0.34505494531249997 0.8821138218750001 0.3956043953125 0.9126016265624999 0.42417582343750004 0.9369918703125 0.440659340625 0.93495935
0 0.3835164828125 0.8211382109375001 0.42527472499999996 0.827235771875 0.41978022031249995 0.802845528125 0.408791209375 0.7967479671875 0.40219780156249996 0.7804878046875 0.391208790625 0.7764227640625 0.3879120875 0.7764227640625 0.3835164828125 0.778455284375 0.38131868125 0.7886178859374999 0.3802197796875 0.8130081296875 0.3835164828125 0.8211382109375001
0 0.7923076921875001 0.68495935 0.7978021984375 0.69308943125 0.8120879125 0.69308943125 0.8175824171875 0.6991869921875 0.8142857140625 0.7276422765625 0.8208791203124999 0.7398373984375 0.8208791203124999 0.75 0.8263736265625001 0.754065040625 0.8252747250000001 0.7601626015625 0.8329670328125 0.7621951218749999 0.8626373624999999 0.72560975625 0.8758241765625 0.68495935 0.8890109890625 0.6585365859375 0.896703296875 0.6260162609375 0.8857142859374999 0.62195121875 0.8802197796875 0.62195121875 0.7978021984375 0.62195121875 0.79340659375 0.6260162609375 0.791208790625 0.6422764234375 0.7923076921875001 0.68495935
0 0.252747253125 0.6016260156250001 0.2571428578125 0.48170731718750004 0.24175824218750003 0.4512195125 0.2384615390625 0.43699187031250003 0.240659340625 0.42682926875 0.234065934375 0.4186991875 0.22417582343750003 0.4186991875 0.2208791203125 0.44918699218749997 0.2208791203125 0.597560975 0.240659340625 0.593495934375 0.252747253125 0.6016260156250001
0 0.0824175828125 0.43902439062500004 0.0923076921875 0.4695121953125 0.09340659375 0.48983739843749996 0.15274725312499998 0.45934959375 0.159340659375 0.4207317078125 0.159340659375 0.40243902499999995 0.15604395625 0.3963414640625 0.147252746875 0.3963414640625 0.10769230781250001 0.414634146875 0.0989010984375 0.42682926875 0.0824175828125 0.4288617890625 0.0824175828125 0.43902439062500004
0 0.225274725 0.21951219531250002 0.26923076875 0.2276422765625 0.28351648281249997 0.22357723593749998 0.28571428593750003 0.21951219531250002 0.2824175828125 0.1991869921875 0.2824175828125 0.14634146406249998 0.2483516484375 0.148373984375 0.247252746875 0.14634146406249998 0.2395604390625 0.152439025 0.23736263750000003 0.1666666671875 0.225274725 0.189024390625 0.225274725 0.21951219531250002