0 0.824966078125 0.348101265625 0.81818181875 0.33755274218750003 0.8141112625 0.34388185625 0.7991858890625 0.3459915609375 0.7951153328125 0.331223628125 0.7774762546875 0.3291139234375 0.7896879234374999 0.48312236249999996 0.796472184375 0.48312236249999996 0.8846675718749999 0.46835442968749996 0.8900949796875001 0.45147679375000005 0.8900949796875001 0.3839662453125 0.8385346 0.3839662453125 0.8276797828125 0.3691983125 0.824966078125 0.348101265625
0 0.8738127546875001 0.5021097046875 0.8276797828125 0.5 0.8141112625 0.4894514765625 0.7937584796875 0.49156118125 0.792401628125 0.6793248937499999 0.800542740625 0.6793248937499999 0.808683853125 0.6624472578125 0.8113975578125 0.6033755281250001 0.8236092265625 0.5759493671875 0.824966078125 0.5464135015625 0.8738127546875001 0.5232067515625001 0.8738127546875001 0.5021097046875
0 0.7666214375 0.626582278125 0.7706919953125 0.5675105484375 0.7611940296874999 0.5464135015625 0.759837178125 0.5274261609375 0.7693351421875 0.5063291140625 0.7611940296874999 0.4978902953125 0.7435549531250001 0.5 0.7340569875 0.5506329109375 0.72998643125 0.6856540078125 0.7421981 0.7067510546875 0.7354138406249999 0.7320675109375 0.7367706921875 0.7447257390625001 0.7440072359375 0.7447257390625001 0.780189959375 0.7447257390625001 0.788331071875 0.734177215625 0.7910447765625 0.7109704640625 0.7896879234374999 0.63924050625 0.7734056984375 0.6371308015625 0.7666214375 0.626582278125
0 0.7014925375 0.3291139234375 0.70963365 0.3122362875 0.6757123468749999 0.30168776406250003 0.626865671875 0.29957805937500004 0.6200814109375 0.308016878125 0.61736770625 0.3291139234375 0.60922659375 0.348101265625 0.622795115625 0.37974683593749997 0.635006784375 0.43459915625 0.663500678125 0.5126582281250001 0.663500678125 0.5232067515625001 0.6580732703125001 0.529535865625 0.6824966078125 0.5337552750000001 0.6838534593750001 0.5337552750000001 0.71370420625 0.5232067515625001 0.7191316140625 0.5063291140625 0.693351425 0.45147679375000005 0.6662143828125 0.348101265625 0.6852103125 0.34388185625 0.7014925375 0.3291139234375
0 0.6947082765625 0.1983122359375 0.6879240156249999 0.17088607656250002 0.6865671640625 0.135021096875 0.6567164171875 0.13924050625 0.647218453125 0.14978902968750002 0.647218453125 0.1624472578125 0.6363636359375 0.19620253125 0.6255088203125 0.2890295359375 0.6295793765625 0.2974683546875 0.6458616015625 0.29957805937500004 0.6485753046875 0.29957805937500004 0.70556309375 0.2932489453125 0.7042062421875 0.24894514843749999 0.6987788328125 0.2405063296875 0.6947082765625 0.24261603437499998 0.6852103125 0.2194092828125 0.6947082765625 0.1983122359375
0 0.5142469468749999 0.6139240499999999 0.5128900953125 0.6371308015625 0.51967435625 0.63924050625 0.526458615625 0.6751054859375001 0.531886025 0.6856540078125 0.5576662140625 0.7067510546875 0.5590230671875001 0.7067510546875 0.590230665625 0.69620253125 0.598371778125 0.6835443031249999 0.5970149250000001 0.56540084375 0.5047489828125 0.5675105484375 0.506105834375 0.5928270046875 0.5142469468749999 0.6139240499999999
0 0.5671641796875 0.7637130796875 0.5454545453125 0.74683544375 0.5495251015625 0.7805907171875 0.5617367703125 0.8122362875 0.610583446875 0.8101265828124999 0.6119402984375 0.8122362875 0.630936228125 0.808016878125 0.635006784375 0.7805907171875 0.6322930796875 0.7447257390625001 0.5834464046875001 0.7405063296875001 0.5725915875 0.74683544375 0.5671641796875 0.7637130796875
0 0.6363636359375 0.7700421937499999 0.6417910453125 0.7848101265625 0.655359565625 0.7953586500000001 0.69742198125 0.7953586500000001 0.7001356859375 0.7953586500000001 0.7082767984375 0.7510548515625 0.7028493890624999 0.7194092828125 0.6879240156249999 0.7109704640625 0.6540027140625 0.7151898734375 0.6363636359375 0.7447257390625001 0.6363636359375 0.7700421937499999
0 0.4789687921875 0.49156118125 0.4599728625 0.4767932484375 0.43962008125 0.4767932484375 0.43012211718750004 0.49367088593749997 0.4179104484375 0.49367088593749997 0.4124830390625 0.487341771875 0.4124830390625 0.5928270046875 0.4206241515625 0.6033755281250001 0.4328358203125 0.6033755281250001 0.43690637656250003 0.6118143453125 0.43962008125 0.6012658234375 0.4667571234375 0.6033755281250001 0.473541384375 0.6118143453125 0.47218453125000004 0.6181434593749999 0.47489823593749997 0.6181434593749999 0.47489823593749997 0.5801687765625 0.4789687921875 0.569620253125 0.47489823593749997 0.5126582281250001 0.48303934843749996 0.50843881875 0.47082767968750006 0.495780590625 0.4789687921875 0.49156118125
0 0.4084124828125 0.54852320625 0.4043419265625 0.48101265781249997 0.32835820937500004 0.478902953125 0.32700135625 0.5 0.320217096875 0.5063291140625 0.32700135625 0.5590717296875 0.3215739484375 0.6202531640625 0.32700135625 0.626582278125 0.33446404375 0.626582278125 0.3595658078125 0.6244725734375 0.360922659375 0.5907173 0.3962008140625 0.586497890625 0.393487109375 0.56540084375 0.4043419265625 0.561181434375 0.4084124828125 0.54852320625
0 0.1533242875 0.5147679328125 0.1302578015625 0.5168776375 0.12890095 0.56540084375 0.1356852109375 0.5801687765625 0.1614654 0.5886075953125001 0.16553595625 0.5886075953125001 0.17367706875 0.5590717296875 0.17910447812500002 0.5548523203125 0.1804613296875 0.47468354375 0.1587516953125 0.46624472499999997 0.1533242875 0.47257383906249995 0.1533242875 0.5147679328125
0 0.43147896875 0.45358649843750004 0.4341926734375 0.447257384375 0.4138398921875 0.41772151874999996 0.4084124828125 0.41772151874999996 0.4124830390625 0.4324894515625 0.43012211718750004 0.45147679375000005 0.43147896875 0.45358649843750004
0 0.3704206234375 0.2679324890625 0.3636363640625 0.29535865 0.3554952515625 0.308016878125 0.35820895468749997 0.322784809375 0.3839891453125 0.3101265828125 0.43962008125 0.32700421875 0.44369063750000004 0.32700421875 0.4328358203125 0.2637130796875 0.42333785625000003 0.2405063296875 0.4138398921875 0.234177215625 0.39891451875 0.23839662499999997 0.397557665625 0.257383965625 0.3704206234375 0.2679324890625
0 0.45183175000000003 0.3502109703125 0.44233378593749995 0.3291139234375 0.4206241515625 0.3459915609375 0.3636363640625 0.3502109703125 0.364993215625 0.373417721875 0.3758480328125 0.40084388125 0.38263229375 0.40295358593749997 0.3948439625 0.3924050640625 0.405698778125 0.4113924046875 0.40705563125 0.4113924046875 0.42333785625000003 0.4092827 0.43690637656250003 0.3945147671875 0.44369063750000004 0.3945147671875 0.43962008125 0.3670886078125 0.44776119375 0.3628691984375 0.45183175000000003 0.3502109703125
0 0.348710990625 0.0021097046875 0.31478968749999997 0.0021097046875 0.33514246875000003 0.0400843875 0.34464043437499997 0.044303796875 0.3459972859375 0.0464135015625 0.348710990625 0.0021097046875
0 0.308005428125 0.0464135015625 0.2930800546875 0.0021097046875 0.26187245625 0.0021097046875 0.2591587515625 0.021097046875 0.26458615937499996 0.061181434374999996 0.27137042031249997 0.0717299578125 0.2835820890625 0.1202531640625 0.29036635 0.1202531640625 0.356852103125 0.0970464140625 0.356852103125 0.0801687765625 0.3473541390625 0.069620253125 0.340569878125 0.0801687765625 0.32835820937500004 0.0801687765625 0.308005428125 0.0464135015625
0 0.19267299843750002 0.791139240625 0.17774762500000002 0.7805907171875 0.1587516953125 0.717299578125 0.1275440984375 0.7215189875 0.10719131562499999 0.71308016875 0.10447761250000001 0.7320675109375 0.112618725 0.7763713078125 0.11668928125 0.8713080171875 0.123473540625 0.8881856546875 0.1506105828125 0.890295359375 0.15739484374999999 0.890295359375 0.24423337812499998 0.8860759500000001 0.25373134375 0.8670886078125 0.25373134375 0.852320675 0.240162821875 0.8354430374999999 0.22252374531250002 0.831223628125 0.19267299843750002 0.791139240625
0 0.2293080046875 0.738396625 0.26187245625 0.738396625 0.2767978296875 0.7489451484375 0.28086838593749996 0.7805907171875 0.28493894218750004 0.7848101265625 0.292062415625 0.7848101265625 0.316146540625 0.7805907171875 0.31478968749999997 0.7067510546875 0.2428765265625 0.7025316453125 0.223880596875 0.708860759375 0.223880596875 0.7299578062500001 0.2293080046875 0.738396625
0 0.23744911875 1 0.23202170937500002 0.9852320671875001 0.22252374531250002 0.9831223625 0.2170963359375 0.9725738390625001 0.21845318906250002 0.95147679375 0.21438263281249997 0.9324894515625 0.22795115312499997 0.8966244718749999 0.1533242875 0.8945147671875 0.14925373125000002 0.905063290625 0.14925373125000002 0.9282700421875001 0.1397557671875 0.938818565625 0.1261872453125 0.938818565625 0.1370420625 0.978902953125 0.1383989140625 1 0.1454739296875 1 0.23744911875 1
0 0.115332428125 1 0.10447761250000001 0.9409282703124999 0.10447761250000001 0.8881856546875 0.0976933515625 0.873417721875 0.10040705624999999 0.864978903125 0.10447761250000001 0.8670886078125 0.0976933515625 0.86075949375 0.10447761250000001 0.8354430374999999 0.1017639078125 0.8291139234375 0.094979646875 0.831223628125 0.0963365 0.8206751062500001 0.10447761250000001 0.8206751062500001 0.099050203125 0.8101265828124999 0.10447761250000001 0.7890295359375 0.10040705624999999 0.7215189875 0.08819538593750001 0.7025316453125 0.042062415625 0.7046413499999999 0.0407055625 0.71308016875 0.025780190624999998 0.7236286921875 0.0176390765625 0.757383965625 0.02035278125 0.7805907171875 0.029850746875 0.774261603125 0.033921303125 0.799578059375 0.0271370421875 0.8122362875 0.016282225 0.8101265828124999 0.010854817187500001 0.8185654015624999 0.0013568515625 0.913502109375 0.0013568515625 0.9662447249999999 0.0407055625 1 0.0474898234375 1 0.115332428125 1
0 0.3134328359375 1 0.3134328359375 0.9725738390625001 0.3052917234375 0.9683544296875001 0.2971506109375 0.9493670890624999 0.28086838593749996 0.938818565625 0.2835820890625 0.913502109375 0.27272727343750003 0.9029535859375001 0.2591587515625 0.9029535859375001 0.252374490625 0.913502109375 0.2496607875 1 0.2567465703125 1 0.3134328359375 1